0.000000000000000000e+00,1.836970198721029749e-17
2.083333333333333218e-02,1.836970198721029749e-17
4.166666666666666435e-02,1.836970198721029749e-17
6.250000000000000000e-02,1.836970198721029749e-17
8.333333333333332871e-02,1.836970198721029749e-17
1.041666666666666574e-01,1.836970198721029749e-17
1.250000000000000000e-01,1.836970198721029749e-17
1.458333333333333148e-01,1.836970198721029749e-17
1.666666666666666574e-01,1.836970198721029749e-17
1.875000000000000000e-01,1.836970198721029749e-17
2.083333333333333148e-01,1.836970198721029749e-17
2.291666666666666574e-01,1.836970198721029749e-17
2.500000000000000000e-01,1.836970198721029749e-17
2.708333333333333148e-01,1.836970198721029749e-17
2.916666666666666297e-01,1.836970198721029749e-17
3.125000000000000000e-01,1.836970198721029749e-17
3.333333333333333148e-01,1.836970198721029749e-17
3.541666666666666297e-01,1.836970198721029749e-17
3.750000000000000000e-01,1.836970198721029749e-17
3.958333333333333148e-01,1.836970198721029749e-17
4.166666666666666297e-01,1.836970198721029749e-17
4.375000000000000000e-01,1.836970198721029749e-17
4.583333333333333148e-01,1.836970198721029749e-17
4.791666666666666297e-01,1.836970198721029749e-17
5.000000000000000000e-01,1.836970198721029749e-17
5.208333333333332593e-01,1.836970198721029749e-17
5.416666666666666297e-01,1.836970198721029749e-17
5.625000000000000000e-01,1.836970198721029749e-17
5.833333333333332593e-01,1.836970198721029749e-17
6.041666666666666297e-01,1.836970198721029749e-17
6.250000000000000000e-01,1.836970198721029749e-17
6.458333333333332593e-01,1.836970198721029749e-17
6.666666666666666297e-01,1.836970198721029749e-17
6.875000000000000000e-01,1.836970198721029749e-17
7.083333333333332593e-01,1.836970198721029749e-17
7.291666666666666297e-01,1.836970198721029749e-17
7.500000000000000000e-01,1.836970198721029749e-17
7.708333333333332593e-01,1.836970198721029749e-17
7.916666666666666297e-01,1.836970198721029749e-17
8.125000000000000000e-01,1.836970198721029749e-17
8.333333333333332593e-01,1.836970198721029749e-17
8.541666666666666297e-01,1.836970198721029749e-17
8.750000000000000000e-01,1.836970198721029749e-17
8.958333333333332593e-01,1.836970198721029749e-17
9.166666666666666297e-01,1.836970198721029749e-17
9.375000000000000000e-01,1.836970198721029749e-17
9.583333333333332593e-01,1.836970198721029749e-17
9.791666666666666297e-01,1.836970198721029749e-17
1.000000000000000000e+00,1.836970198721029749e-17
1.020833333333333259e+00,1.836970198721029749e-17
1.041666666666666519e+00,1.836970198721029749e-17
1.062500000000000000e+00,1.836970198721029749e-17
1.083333333333333259e+00,1.836970198721029749e-17
1.104166666666666519e+00,1.836970198721029749e-17
1.125000000000000000e+00,1.836970198721029749e-17
1.145833333333333259e+00,1.836970198721029749e-17
1.166666666666666519e+00,1.836970198721029749e-17
1.187500000000000000e+00,1.836970198721029749e-17
1.208333333333333259e+00,1.836970198721029749e-17
1.229166666666666519e+00,1.836970198721029749e-17
1.250000000000000000e+00,1.836970198721029749e-17
1.270833333333333259e+00,1.836970198721029749e-17
1.291666666666666519e+00,1.836970198721029749e-17
1.312500000000000000e+00,1.836970198721029749e-17
1.333333333333333259e+00,1.836970198721029749e-17
1.354166666666666519e+00,1.836970198721029749e-17
1.375000000000000000e+00,1.836970198721029749e-17
1.395833333333333259e+00,1.836970198721029749e-17
1.416666666666666519e+00,1.836970198721029749e-17
1.437500000000000000e+00,1.836970198721029749e-17
1.458333333333333259e+00,1.836970198721029749e-17
1.479166666666666519e+00,1.836970198721029749e-17
1.500000000000000000e+00,1.836970198721029749e-17
1.520833333333333259e+00,1.836970198721029749e-17
1.541666666666666519e+00,1.836970198721029749e-17
1.562500000000000000e+00,1.836970198721029749e-17
1.583333333333333259e+00,1.836970198721029749e-17
1.604166666666666519e+00,1.836970198721029749e-17
1.625000000000000000e+00,1.836970198721029749e-17
1.645833333333333259e+00,1.836970198721029749e-17
1.666666666666666519e+00,1.836970198721029749e-17
1.687500000000000000e+00,1.836970198721029749e-17
1.708333333333333259e+00,1.836970198721029749e-17
1.729166666666666519e+00,1.836970198721029749e-17
1.750000000000000000e+00,1.836970198721029749e-17
1.770833333333333259e+00,1.836970198721029749e-17
1.791666666666666519e+00,1.836970198721029749e-17
1.812500000000000000e+00,1.836970198721029749e-17
1.833333333333333259e+00,1.836970198721029749e-17
1.854166666666666519e+00,1.836970198721029749e-17
1.875000000000000000e+00,1.836970198721029749e-17
1.895833333333333259e+00,1.836970198721029749e-17
1.916666666666666519e+00,1.836970198721029749e-17
1.937500000000000000e+00,1.836970198721029749e-17
1.958333333333333259e+00,1.836970198721029749e-17
1.979166666666666519e+00,1.836970198721029749e-17
2.000000000000000000e+00,1.836970198721029749e-17
2.020833333333333037e+00,1.836970198721029749e-17
2.041666666666666519e+00,1.836970198721029749e-17
2.062500000000000000e+00,1.836970198721029749e-17
2.083333333333333037e+00,1.836970198721029749e-17
2.104166666666666519e+00,1.836970198721029749e-17
2.125000000000000000e+00,1.836970198721029749e-17
2.145833333333333037e+00,1.836970198721029749e-17
2.166666666666666519e+00,1.836970198721029749e-17
2.187500000000000000e+00,1.836970198721029749e-17
2.208333333333333037e+00,1.836970198721029749e-17
2.229166666666666519e+00,1.836970198721029749e-17
2.250000000000000000e+00,1.836970198721029749e-17
2.270833333333333037e+00,1.836970198721029749e-17
2.291666666666666519e+00,1.836970198721029749e-17
2.312500000000000000e+00,1.836970198721029749e-17
2.333333333333333037e+00,1.160788765202542492e-06
2.354166666666666519e+00,2.583799026810572628e-05
2.375000000000000000e+00,1.463098184586954687e-04
2.395833333333333037e+00,4.924384211937338522e-04
2.416666666666666519e+00,1.237415841811750038e-03
2.437500000000000000e+00,2.542147154901855041e-03
2.458333333333333037e+00,4.510957480713255995e-03
2.479166666666666519e+00,7.188806342242948233e-03
2.500000000000000000e+00,1.059277460349522353e-02
2.520833333333333037e+00,1.474834921729499364e-02
2.541666666666666519e+00,1.966329769762077337e-02
2.562500000000000000e+00,2.530818427740175180e-02
2.583333333333333037e+00,3.164612779055860081e-02
2.604166666666666519e+00,3.864347543556432424e-02
2.625000000000000000e+00,4.624961339927519122e-02
2.645833333333333037e+00,5.441281999457767138e-02
2.666666666666666519e+00,6.306996481328357163e-02
2.687500000000000000e+00,7.214546851930041249e-02
2.708333333333333037e+00,8.160023727676876670e-02
2.729166666666666519e+00,9.140131832026895942e-02
2.750000000000000000e+00,1.014694077847082265e-01
2.770833333333333037e+00,1.117173651701395543e-01
2.791666666666666519e+00,1.221054589846039123e-01
2.812500000000000000e+00,1.326017310170073960e-01
2.833333333333333037e+00,1.431279568735749075e-01
2.854166666666666519e+00,1.535984673127552824e-01
2.875000000000000000e+00,1.639781585558023336e-01
2.895833333333333037e+00,1.742665981607075532e-01
2.916666666666666519e+00,1.844487956884312552e-01
2.937500000000000000e+00,1.945045837764635133e-01
2.958333333333333037e+00,2.044460387920606637e-01
2.979166666666666519e+00,2.142763168231900939e-01
3.000000000000000000e+00,2.239756071339270016e-01
3.020833333333333037e+00,2.335464077881935219e-01
3.041666666666666519e+00,2.429984888620757844e-01
3.062500000000000000e+00,2.523178040963996449e-01
3.083333333333333037e+00,2.615110021268446383e-01
3.104166666666666519e+00,2.706044536349117569e-01
3.125000000000000000e+00,2.795963537677743083e-01
3.145833333333333037e+00,2.884792084309436566e-01
3.166666666666666519e+00,2.972945889765000183e-01
3.187500000000000000e+00,3.060927816851088945e-01
3.208333333333333037e+00,3.148771824049949597e-01
3.229166666666666519e+00,3.236433063059366289e-01
3.250000000000000000e+00,3.324176428128073901e-01
3.270833333333333037e+00,3.412129977544615667e-01
3.291666666666666519e+00,3.500040724692348171e-01
3.312500000000000000e+00,3.587727960736175059e-01
3.333333333333333037e+00,3.675511496325878369e-01
3.354166666666666519e+00,3.763785675993770452e-01
3.375000000000000000e+00,3.852468365043316689e-01
3.395833333333333037e+00,3.941386438275331083e-01
3.416666666666666519e+00,4.030686338131804769e-01
3.437500000000000000e+00,4.120396641757856915e-01
3.458333333333333037e+00,4.210205494530364079e-01
3.479166666666666519e+00,4.299916899404135906e-01
3.500000000000000000e+00,4.389709392422684320e-01
3.520833333333333037e+00,4.479672440710792403e-01
3.541666666666666519e+00,4.569460407131754609e-01
3.562500000000000000e+00,4.658726962870893828e-01
3.583333333333333037e+00,4.747623480995479262e-01
3.604166666666666519e+00,4.836379180940445499e-01
3.625000000000000000e+00,4.924744499336496939e-01
3.645833333333333037e+00,5.012392075690461635e-01
3.666666666666666519e+00,5.099481761659422352e-01
3.687500000000000000e+00,5.186249436928414003e-01
3.708333333333333037e+00,5.272464700570652640e-01
3.729166666666666519e+00,5.357826098408423610e-01
3.750000000000000000e+00,5.442512493562980946e-01
3.770833333333333037e+00,5.526786000217220884e-01
3.791666666666666519e+00,5.610546885683754814e-01
3.812500000000000000e+00,5.693764834055905499e-01
3.833333333333333037e+00,5.776916260479140197e-01
3.854166666666666519e+00,5.860549898646248979e-01
3.875000000000000000e+00,5.944723547943723263e-01
3.895833333333333037e+00,6.029391976134991227e-01
3.916666666666666519e+00,6.114786928238167274e-01
3.937500000000000000e+00,6.200973527021644838e-01
3.958333333333333037e+00,6.287731306975048451e-01
3.979166666666666519e+00,6.375017354675552861e-01
4.000000000000000000e+00,6.462942437558657494e-01
4.020833333333333037e+00,6.551269004998497847e-01
4.041666666666666075e+00,6.639703827623986143e-01
4.062500000000000000e+00,6.728438542843450110e-01
4.083333333333333037e+00,6.817743930415832709e-01
4.104166666666666075e+00,6.907403787290816721e-01
4.125000000000000000e+00,6.997130943233978995e-01
4.145833333333333037e+00,7.087114282947951649e-01
4.166666666666666075e+00,7.177613724413210994e-01
4.187500000000000000e+00,7.268400663525351746e-01
4.208333333333333037e+00,7.359171158558109882e-01
4.229166666666666075e+00,7.450105614492249506e-01
4.250000000000000000e+00,7.541468624875899973e-01
4.270833333333333037e+00,7.633037609118786815e-01
4.291666666666666075e+00,7.724512504083501652e-01
4.312500000000000000e+00,7.816068674808045458e-01
4.333333333333333037e+00,7.907957164539600736e-01
4.354166666666666075e+00,7.999941393529342859e-01
4.375000000000000000e+00,8.091706747285966062e-01
4.395833333333333037e+00,8.183423391204591724e-01
4.416666666666666075e+00,8.275347872807077287e-01
4.437500000000000000e+00,8.367250144889663011e-01
4.458333333333333037e+00,8.458823612431571881e-01
4.479166666666666075e+00,8.550242676292912902e-01
4.500000000000000000e+00,8.641770429181888646e-01
4.520833333333333037e+00,8.733190840987313797e-01
4.541666666666666075e+00,8.824210708041045903e-01
4.562500000000000000e+00,8.915025058520136270e-01
4.583333333333333037e+00,9.005917380439404374e-01
4.604166666666666075e+00,9.096684353462709538e-01
4.625000000000000000e+00,9.187044582096038914e-01
4.645833333333333037e+00,9.277201092654996373e-01
4.666666666666666075e+00,9.367443322826052299e-01
4.687500000000000000e+00,9.457574379363226091e-01
4.708333333333333037e+00,9.547320823542972956e-01
4.729166666666666075e+00,9.636893937166551849e-01
4.750000000000000000e+00,9.726601098882261542e-01
4.770833333333333037e+00,9.816275101449083440e-01
4.791666666666666075e+00,9.905679193257045378e-01
4.812500000000000000e+00,9.995074344133416666e-01
4.833333333333333037e+00,1.008481743913271611e+00
4.854166666666666075e+00,1.017478921089739696e+00
4.875000000000000000e+00,1.026479330390883460e+00
4.895833333333333037e+00,1.035508647491415690e+00
4.916666666666666075e+00,1.044596647136966983e+00
4.937500000000000000e+00,1.053723886888223715e+00
4.958333333333333037e+00,1.062863436650259841e+00
4.979166666666666075e+00,1.072036830296132282e+00
5.000000000000000000e+00,1.081274235413054008e+00
5.020833333333333037e+00,1.090557584921421075e+00
5.041666666666666075e+00,1.099860844316797648e+00
5.062500000000000000e+00,1.109196265367517586e+00
5.083333333333333037e+00,1.118572020624625241e+00
5.104166666666666075e+00,1.127946813117621794e+00
5.125000000000000000e+00,1.137272071538620422e+00
5.145833333333333037e+00,1.146547848554793525e+00
5.166666666666666075e+00,1.155782946921940058e+00
5.187500000000000000e+00,1.164947251629846026e+00
5.208333333333333037e+00,1.174015890085922553e+00
5.229166666666666075e+00,1.183013350309033429e+00
5.250000000000000000e+00,1.191972143459897104e+00
5.270833333333333037e+00,1.200876636425862065e+00
5.291666666666666075e+00,1.209703786263476966e+00
5.312500000000000000e+00,1.218479134538149822e+00
5.333333333333333037e+00,1.227236402137563909e+00
5.354166666666666075e+00,1.235960414812365737e+00
5.375000000000000000e+00,1.244628739565284414e+00
5.395833333333333037e+00,1.253267470340548417e+00
5.416666666666666075e+00,1.261910598216074320e+00
5.437500000000000000e+00,1.270543235926167913e+00
5.458333333333333037e+00,1.279143469586538462e+00
5.479166666666666075e+00,1.287737882956040858e+00
5.500000000000000000e+00,1.296360715489978110e+00
5.520833333333333037e+00,1.304997336429544408e+00
5.541666666666666075e+00,1.313626293930351352e+00
5.562500000000000000e+00,1.322274574364150190e+00
5.583333333333333037e+00,1.330978094840729042e+00
5.604166666666666075e+00,1.339725634413722277e+00
5.625000000000000000e+00,1.348499634791222812e+00
5.645833333333333037e+00,1.357327530690376483e+00
5.666666666666666075e+00,1.366240637178823381e+00
5.687500000000000000e+00,1.375223511052200198e+00
5.708333333333333037e+00,1.384255005381422654e+00
5.729166666666666075e+00,1.393348053344420467e+00
5.750000000000000000e+00,1.402504731054371234e+00
5.770833333333333037e+00,1.411685526631894616e+00
5.791666666666666075e+00,1.420853356643239529e+00
5.812500000000000000e+00,1.430023575970529093e+00
5.833333333333333037e+00,1.439222394512422287e+00
5.854166666666666075e+00,1.448431216313838199e+00
5.875000000000000000e+00,1.457626601886421014e+00
5.895833333333333037e+00,1.466830261405580149e+00
5.916666666666666075e+00,1.476066511008729654e+00
5.937500000000000000e+00,1.485314042420981417e+00
5.958333333333333037e+00,1.494546555323791326e+00
5.979166666666666075e+00,1.503785335987107175e+00
6.000000000000000000e+00,1.513058359381234785e+00
6.020833333333333037e+00,1.522348327685592473e+00
6.041666666666666075e+00,1.531632276081891231e+00
6.062500000000000000e+00,1.540923479923462347e+00
6.083333333333333037e+00,1.550226858875248137e+00
6.104166666666666075e+00,1.559500609224262924e+00
6.125000000000000000e+00,1.568698734966869290e+00
6.145833333333333037e+00,1.577827076223988323e+00
6.166666666666666075e+00,1.586902264075353175e+00
6.187500000000000000e+00,1.595896066414911996e+00
6.208333333333333037e+00,1.604775673567431893e+00
6.229166666666666075e+00,1.613558584295334386e+00
6.250000000000000000e+00,1.622272096803784258e+00
6.270833333333333037e+00,1.630897680835757813e+00
6.291666666666666075e+00,1.639411074032742777e+00
6.312500000000000000e+00,1.647838963703879944e+00
6.333333333333333037e+00,1.656218273365736016e+00
6.354166666666666075e+00,1.664541112132926992e+00
6.375000000000000000e+00,1.672795052885968303e+00
6.395833333333333037e+00,1.681018589015411901e+00
6.416666666666666075e+00,1.689260434848010473e+00
6.437500000000000000e+00,1.697524423378133251e+00
6.458333333333333037e+00,1.705808827518337845e+00
6.479166666666666075e+00,1.714148404821203675e+00
6.500000000000000000e+00,1.722569844172117115e+00
6.520833333333333037e+00,1.731052676959320191e+00
6.541666666666666075e+00,1.739571561061497906e+00
6.562500000000000000e+00,1.748153017438734080e+00
6.583333333333333037e+00,1.756834603072214618e+00
6.604166666666666075e+00,1.765608785448423479e+00
6.625000000000000000e+00,1.774460970048027830e+00
6.645833333333333037e+00,1.783402860910173970e+00
6.666666666666666075e+00,1.792428071764248454e+00
6.687500000000000000e+00,1.801512771642862498e+00
6.708333333333333037e+00,1.810664318953781660e+00
6.729166666666666075e+00,1.819898602134891963e+00
6.750000000000000000e+00,1.829185841686663316e+00
6.770833333333333037e+00,1.838492282676224665e+00
6.791666666666666075e+00,1.847836121330282522e+00
6.812500000000000000e+00,1.857246416124403554e+00
6.833333333333333037e+00,1.866706224233102063e+00
6.854166666666666075e+00,1.876186864872553262e+00
6.875000000000000000e+00,1.885691257062888537e+00
6.895833333333333037e+00,1.895217786001060389e+00
6.916666666666666075e+00,1.904719508034742548e+00
6.937500000000000000e+00,1.914148074864260085e+00
6.958333333333333037e+00,1.923507724840831434e+00
6.979166666666666075e+00,1.932813456271698538e+00
7.000000000000000000e+00,1.942034222720277370e+00
7.020833333333333037e+00,1.951134775294693702e+00
7.041666666666666075e+00,1.960131867651768722e+00
7.062500000000000000e+00,1.969052939644551303e+00
7.083333333333333037e+00,1.977879407541518475e+00
7.104166666666666075e+00,1.986588251937610350e+00
7.125000000000000000e+00,1.995208135620914813e+00
7.145833333333333037e+00,2.003778980215837890e+00
7.166666666666666075e+00,2.012295288951162053e+00
7.187500000000000000e+00,2.020747022503869506e+00
7.208333333333333037e+00,2.029175784240507596e+00
7.229166666666666075e+00,2.037634432960461872e+00
7.250000000000000000e+00,2.046129357506706103e+00
7.270833333333333037e+00,2.054646803105362629e+00
7.291666666666666075e+00,2.063205183913681129e+00
7.312500000000000000e+00,2.071831809305724192e+00
7.333333333333333037e+00,2.080508119476129902e+00
7.354166666666666075e+00,2.089210687814973877e+00
7.375000000000000000e+00,2.097967480928673467e+00
7.395833333333333037e+00,2.106818085111223482e+00
7.416666666666666075e+00,2.115755936037770901e+00
7.437500000000000000e+00,2.124754338111058960e+00
7.458333333333333037e+00,2.133818930225603427e+00
7.479166666666666075e+00,2.142964825052436684e+00
7.500000000000000000e+00,2.152161559518341427e+00
7.520833333333333037e+00,2.161373992618318418e+00
7.541666666666666075e+00,2.170618942294205489e+00
7.562500000000000000e+00,2.179924663014728203e+00
7.583333333333333037e+00,2.189273738878007247e+00
7.604166666666666075e+00,2.198642360691730691e+00
7.625000000000000000e+00,2.208036761897121725e+00
7.645833333333333037e+00,2.217449081441089653e+00
7.666666666666666075e+00,2.226846724230535646e+00
7.687500000000000000e+00,2.236220029987143754e+00
7.708333333333333037e+00,2.245569515705394092e+00
7.729166666666666075e+00,2.254865067082072461e+00
7.750000000000000000e+00,2.264087629186740447e+00
7.770833333333333037e+00,2.273264239770878881e+00
7.791666666666666075e+00,2.282423029034596151e+00
7.812500000000000000e+00,2.291545814167021078e+00
7.833333333333333037e+00,2.300609406386618261e+00
7.854166666666666075e+00,2.309641344847623845e+00
7.875000000000000000e+00,2.318679379357702075e+00
7.895833333333333037e+00,2.327716053816525132e+00
7.916666666666666075e+00,2.336737728636169908e+00
7.937500000000000000e+00,2.345759269020151194e+00
7.958333333333333037e+00,2.354779049952965941e+00
7.979166666666666075e+00,2.363775678883313525e+00
8.000000000000000000e+00,2.372755728658527907e+00
8.020833333333332149e+00,2.381734059975971984e+00
8.041666666666666075e+00,2.390680142421973464e+00
8.062500000000000000e+00,2.399559562802999757e+00
8.083333333333332149e+00,2.408389706089726801e+00
8.104166666666666075e+00,2.417198609947576848e+00
8.125000000000000000e+00,2.425968728777865291e+00
8.145833333333332149e+00,2.434677420290385363e+00
8.166666666666666075e+00,2.443352619501490519e+00
8.187500000000000000e+00,2.452032108259945442e+00
8.208333333333332149e+00,2.460706980537548993e+00
8.229166666666666075e+00,2.469363708302281690e+00
8.250000000000000000e+00,2.478033151035567094e+00
8.270833333333332149e+00,2.486747751867711909e+00
8.291666666666666075e+00,2.495493379679461832e+00
8.312500000000000000e+00,2.504248429973213508e+00
8.333333333333332149e+00,2.513035585805770911e+00
8.354166666666666075e+00,2.521919219825677683e+00
8.375000000000000000e+00,2.531002525297992634e+00
8.395833333333332149e+00,2.540391661139504986e+00
8.416666666666666075e+00,2.550151372554509521e+00
8.437500000000000000e+00,2.560308050758247411e+00
8.458333333333332149e+00,2.570884704102212481e+00
8.479166666666666075e+00,2.581937564632241333e+00
8.500000000000000000e+00,2.593549282206440321e+00
8.520833333333332149e+00,2.605758673510043089e+00
8.541666666666666075e+00,2.618569612668900870e+00
8.562500000000000000e+00,2.632007271403474125e+00
8.583333333333332149e+00,2.646095509915700639e+00
8.604166666666666075e+00,2.660818526358394109e+00
8.625000000000000000e+00,2.676152376427214818e+00
8.645833333333332149e+00,2.692110634836127225e+00
8.666666666666666075e+00,2.708738329895146624e+00
8.687500000000000000e+00,2.726028553722112058e+00
8.708333333333332149e+00,2.743950263390861455e+00
8.729166666666666075e+00,2.762516573177067336e+00
8.750000000000000000e+00,2.781746978271281368e+00
8.770833333333332149e+00,2.801618608124800680e+00
8.791666666666666075e+00,2.822100096213451703e+00
8.812500000000000000e+00,2.843200988253100192e+00
8.833333333333332149e+00,2.864954672212794318e+00
8.854166666666666075e+00,2.887348567835923863e+00
8.875000000000000000e+00,2.910357925785149291e+00
8.895833333333332149e+00,2.934008079022173643e+00
8.916666666666666075e+00,2.958333113848444995e+00
8.937500000000000000e+00,2.983324787049055349e+00
8.958333333333332149e+00,3.008969217399442453e+00
8.979166666666666075e+00,3.035289605123466128e+00
9.000000000000000000e+00,3.062324027477584476e+00
9.020833333333332149e+00,3.090060334198365233e+00
9.041666666666666075e+00,3.118468286191043770e+00
9.062500000000000000e+00,3.147564101493759203e+00
9.083333333333332149e+00,3.177370250282245401e+00
9.104166666666666075e+00,3.207861073735279067e+00
9.125000000000000000e+00,3.239003758401869604e+00
9.145833333333332149e+00,3.270812230863532122e+00
9.166666666666666075e+00,3.303889092219511880e+00
9.187500000000000000e+00,3.338608290322382821e+00
9.208333333333332149e+00,3.374949768944837114e+00
9.229166666666666075e+00,3.412892253706948598e+00
9.250000000000000000e+00,3.452375483357969621e+00
9.270833333333332149e+00,3.493172644531020943e+00
9.291666666666666075e+00,3.534902304599008005e+00
9.312500000000000000e+00,3.577151336306013008e+00
9.333333333333332149e+00,3.619489211529879125e+00
9.354166666666666075e+00,3.661439837286073029e+00
9.375000000000000000e+00,3.702459200255480809e+00
9.395833333333332149e+00,3.741923218465573520e+00
9.416666666666666075e+00,3.779222251060228022e+00
9.437500000000000000e+00,3.813889325060817459e+00
9.458333333333332149e+00,3.845630848360916509e+00
9.479166666666666075e+00,3.874203616526785687e+00
9.500000000000000000e+00,3.899340150714234010e+00
9.520833333333332149e+00,3.921728944077410350e+00
9.541666666666666075e+00,3.941852740445745074e+00
9.562500000000000000e+00,3.959629925384644977e+00
9.583333333333332149e+00,3.975012034490771118e+00
9.604166666666666075e+00,3.987980719296968068e+00
9.625000000000000000e+00,3.998537956217381062e+00
9.645833333333332149e+00,4.006693808388889444e+00
9.666666666666666075e+00,4.012181101304783226e+00
9.687500000000000000e+00,4.014839280290349421e+00
9.708333333333332149e+00,4.014720150129139853e+00
9.729166666666666075e+00,4.011892923242300846e+00
9.750000000000000000e+00,4.006452636875294182e+00
9.770833333333332149e+00,3.998539298598370539e+00
9.791666666666666075e+00,3.988345361406613332e+00
9.812500000000000000e+00,3.976115758233863318e+00
9.833333333333332149e+00,3.961982968685607620e+00
9.854166666666666075e+00,3.946193913900158279e+00
9.875000000000000000e+00,3.929090663192131405e+00
9.895833333333332149e+00,3.910972591133380583e+00
9.916666666666666075e+00,3.892089432694927353e+00
9.937500000000000000e+00,3.872648165555217403e+00
9.958333333333332149e+00,3.852830748344477030e+00
9.979166666666666075e+00,3.832801250951787697e+00
1.000000000000000000e+01,3.812694925920855571e+00
1.002083333333333215e+01,3.792625164059116205e+00
1.004166666666666607e+01,3.772674102780640304e+00
1.006250000000000000e+01,3.752928593291503745e+00
1.008333333333333215e+01,3.733498633084493701e+00
1.010416666666666607e+01,3.714473221793813007e+00
1.012500000000000000e+01,3.695892946167616877e+00
1.014583333333333215e+01,3.677792156250005551e+00
1.016666666666666607e+01,3.660244414389820733e+00
1.018750000000000000e+01,3.643310645890056154e+00
1.020833333333333215e+01,3.626998420409600410e+00
1.022916666666666607e+01,3.611307104629811082e+00
1.025000000000000000e+01,3.596281649786676748e+00
1.027083333333333215e+01,3.581974824973279237e+00
1.029166666666666607e+01,3.568388728873523430e+00
1.031250000000000000e+01,3.555514206169565483e+00
1.033333333333333215e+01,3.543378015166515738e+00
1.035416666666666607e+01,3.531992110093033599e+00
1.037500000000000000e+01,3.521343108667746691e+00
1.039583333333333215e+01,3.511444887513498703e+00
1.041666666666666607e+01,3.502317296610395925e+00
1.043750000000000000e+01,3.493930385036495778e+00
1.045833333333333215e+01,3.486246304138293617e+00
1.047916666666666607e+01,3.479275630292128607e+00
1.050000000000000000e+01,3.473040841475763418e+00
1.052083333333333215e+01,3.467511717244506908e+00
1.054166666666666607e+01,3.462645967921569312e+00
1.056250000000000000e+01,3.458451848850135679e+00
1.058333333333333215e+01,3.454946862258991835e+00
1.060416666666666607e+01,3.452104504124730688e+00
1.062500000000000000e+01,3.449898680141737728e+00
1.064583333333333215e+01,3.448354593712170679e+00
1.066666666666666607e+01,3.447508698138933791e+00
1.068750000000000000e+01,3.447342088615691580e+00
1.070833333333333215e+01,3.447825992681203378e+00
1.072916666666666607e+01,3.448985193099974644e+00
1.075000000000000000e+01,3.450851423719007993e+00
1.077083333333333215e+01,3.453406464948416410e+00
1.079166666666666607e+01,3.456623761091575986e+00
1.081250000000000000e+01,3.460525335447786066e+00
1.083333333333333215e+01,3.465141078087258908e+00
1.085416666666666607e+01,3.470444791530860495e+00
1.087500000000000000e+01,3.476397696225035805e+00
1.089583333333333215e+01,3.483010515683232722e+00
1.091666666666666607e+01,3.490301825277883463e+00
1.093750000000000000e+01,3.498247684219874198e+00
1.095833333333333215e+01,3.506825084040160689e+00
1.097916666666666607e+01,3.516059795641329089e+00
1.100000000000000000e+01,3.525984330955267865e+00
1.102083333333333215e+01,3.536577438104736348e+00
1.104166666666666607e+01,3.547806019440637559e+00
1.106250000000000000e+01,3.559684847096028282e+00
1.108333333333333215e+01,3.572232845952296731e+00
1.110416666666666607e+01,3.585417631111842418e+00
1.112500000000000000e+01,3.599200024599034542e+00
1.114583333333333215e+01,3.613590483297462796e+00
1.116666666666666607e+01,3.628606322491003677e+00
1.118750000000000000e+01,3.644230001634302774e+00
1.120833333333333215e+01,3.660457250402640916e+00
1.122916666666666607e+01,3.677334783226038351e+00
1.125000000000000000e+01,3.694914288361417665e+00
1.127083333333333215e+01,3.713194590045232779e+00
1.129166666666666607e+01,3.732164750576407730e+00
1.131250000000000000e+01,3.751850916577114781e+00
1.133333333333333215e+01,3.772267909061841618e+00
1.135416666666666607e+01,3.793375529883289410e+00
1.137500000000000000e+01,3.815104632434241250e+00
1.139583333333333215e+01,3.837413682298428164e+00
1.141666666666666607e+01,3.860276854454111284e+00
1.143750000000000000e+01,3.883646009441053426e+00
1.145833333333333215e+01,3.907492266460476316e+00
1.147916666666666607e+01,3.931813225956386493e+00
1.150000000000000000e+01,3.956576102407899587e+00
1.152083333333333215e+01,3.981689720875311700e+00
1.154166666666666607e+01,4.007007566391820319e+00
1.156250000000000000e+01,4.032378483184573703e+00
1.158333333333333215e+01,4.057706055658623079e+00
1.160416666666666607e+01,4.082904995629299094e+00
1.162500000000000000e+01,4.107861744130212323e+00
1.164583333333333215e+01,4.132484206034331642e+00
1.166666666666666607e+01,4.156737656971976058e+00
1.168750000000000000e+01,4.180594956921876992e+00
1.170833333333333215e+01,4.203979242629406698e+00
1.172916666666666607e+01,4.226808562475834918e+00
1.175000000000000000e+01,4.249057125600812057e+00
1.177083333333333215e+01,4.270712224845977900e+00
1.179166666666666607e+01,4.291725441019427656e+00
1.181250000000000000e+01,4.312059668112198985e+00
1.183333333333333215e+01,4.331736684758967115e+00
1.185416666666666607e+01,4.350789603428768970e+00
1.187500000000000000e+01,4.369202230491518790e+00
1.189583333333333215e+01,4.386949481341510193e+00
1.191666666666666607e+01,4.404049993792369833e+00
1.193750000000000000e+01,4.420524513991808568e+00
1.195833333333333215e+01,4.436339117422212652e+00
1.197916666666666607e+01,4.451448986218116133e+00
1.200000000000000000e+01,4.465860573183460858e+00
1.202083333333333215e+01,4.479494623097470374e+00
1.204166666666666607e+01,4.492433238533347861e+00
1.206250000000000000e+01,4.504994712753032537e+00
1.208333333333333215e+01,4.517064890169641522e+00
1.210416666666666607e+01,4.528703842894542753e+00
1.212500000000000000e+01,4.540234383803291252e+00
1.214583333333333215e+01,4.551964879495693950e+00
1.216666666666666607e+01,4.564017142795675497e+00
1.218750000000000000e+01,4.576424339941936204e+00
1.220833333333333215e+01,4.589165138504066377e+00
1.222916666666666607e+01,4.602353456422678235e+00
1.225000000000000000e+01,4.615873325917798198e+00
1.227083333333333215e+01,4.629419462151746600e+00
1.229166666666666607e+01,4.642667044275650134e+00
1.231250000000000000e+01,4.655267720419653976e+00
1.233333333333333215e+01,4.666888412805557884e+00
1.235416666666666607e+01,4.677283174166243285e+00
1.237500000000000000e+01,4.686473422251482113e+00
1.239583333333333215e+01,4.694454962006051169e+00
1.241666666666666607e+01,4.701124723958008289e+00
1.243750000000000000e+01,4.706422253655224708e+00
1.245833333333333215e+01,4.710332636119814786e+00
1.247916666666666607e+01,4.712886009382372343e+00
1.250000000000000000e+01,4.714125637487653009e+00
1.252083333333333215e+01,4.714155395325954956e+00
1.254166666666666607e+01,4.713128074853836225e+00
1.256250000000000000e+01,4.711182931495070392e+00
1.258333333333333215e+01,4.708419571898775580e+00
1.260416666666666607e+01,4.704898434668004725e+00
1.262500000000000000e+01,4.700673419133940989e+00
1.264583333333333215e+01,4.695839493936453835e+00
1.266666666666666607e+01,4.690491435600544712e+00
1.268750000000000000e+01,4.684731940761140301e+00
1.270833333333333215e+01,4.678716366462619902e+00
1.272916666666666607e+01,4.672606600878630445e+00
1.275000000000000000e+01,4.666519196952660486e+00
1.277083333333333215e+01,4.660528618357671071e+00
1.279166666666666607e+01,4.654711141545291753e+00
1.281250000000000000e+01,4.649161564360368537e+00
1.283333333333333215e+01,4.643952266523421635e+00
1.285416666666666607e+01,4.639118908047831447e+00
1.287500000000000000e+01,4.634700061640843138e+00
1.289583333333333215e+01,4.630755560451975228e+00
1.291666666666666607e+01,4.627320483612622048e+00
1.293750000000000000e+01,4.624409872226343587e+00
1.295833333333333215e+01,4.622062962202885039e+00
1.297916666666666607e+01,4.620319498258912638e+00
1.300000000000000000e+01,4.619181044336496456e+00
1.302083333333333215e+01,4.618636771093105331e+00
1.304166666666666607e+01,4.618714170237747219e+00
1.306250000000000000e+01,4.619446375002017824e+00
1.308333333333333215e+01,4.620819152607996472e+00
1.310416666666666607e+01,4.622808973656207243e+00
1.312500000000000000e+01,4.625434537952517466e+00
1.314583333333333215e+01,4.628719489955829047e+00
1.316666666666666607e+01,4.632657207139160960e+00
1.318750000000000000e+01,4.637202902843814201e+00
1.320833333333333215e+01,4.642277080051782079e+00
1.322916666666666607e+01,4.647817645230889916e+00
1.325000000000000000e+01,4.653815591718744926e+00
1.327083333333333215e+01,4.660271160086598030e+00
1.329166666666666607e+01,4.667137973621004576e+00
1.331250000000000000e+01,4.674361925800153195e+00
1.333333333333333215e+01,4.681938375244769190e+00
1.335416666666666607e+01,4.689873185824648516e+00
1.337500000000000000e+01,4.698123509514736007e+00
1.339583333333333215e+01,4.706592077308206612e+00
1.341666666666666607e+01,4.715131698694816187e+00
1.343750000000000000e+01,4.723592139547079682e+00
1.345833333333333215e+01,4.731874420406505521e+00
1.347916666666666607e+01,4.739920372170012719e+00
1.350000000000000000e+01,4.747664494364816079e+00
1.352083333333333215e+01,4.755036304758665011e+00
1.354166666666666607e+01,4.762010873580513781e+00
1.356250000000000000e+01,4.768567796769542788e+00
1.358333333333333215e+01,4.774635942277832612e+00
1.360416666666666607e+01,4.780134270813164221e+00
1.362500000000000000e+01,4.785028194237107790e+00
1.364583333333333215e+01,4.789314146538488970e+00
1.366666666666666607e+01,4.792968386192315577e+00
1.368750000000000000e+01,4.795962373144682545e+00
1.370833333333333215e+01,4.798315460661351395e+00
1.372916666666666607e+01,4.800062763916103314e+00
1.375000000000000000e+01,4.801202435994373019e+00
1.377083333333333215e+01,4.801731247496672239e+00
1.379166666666666607e+01,4.801697854355227335e+00
1.381250000000000000e+01,4.801157670152341517e+00
1.383333333333333215e+01,4.800118293265412284e+00
1.385416666666666607e+01,4.798582048419408608e+00
1.387500000000000000e+01,4.796607183831955723e+00
1.389583333333333215e+01,4.794309161517994688e+00
1.391666666666666607e+01,4.791829359971806923e+00
1.393750000000000000e+01,4.789281704233832926e+00
1.395833333333333215e+01,4.786732586505356046e+00
1.397916666666666607e+01,4.784244989612688848e+00
1.400000000000000000e+01,4.781911873763267096e+00
1.402083333333333215e+01,4.779811650347691732e+00
1.404166666666666607e+01,4.777999766457203812e+00
1.406250000000000000e+01,4.776534726974527523e+00
1.408333333333333215e+01,4.775455375065965846e+00
1.410416666666666607e+01,4.774800249197735269e+00
1.412500000000000000e+01,4.774635274214748648e+00
1.414583333333333215e+01,4.775004685365951573e+00
1.416666666666666607e+01,4.775905782594521476e+00
1.418750000000000000e+01,4.777334378099456380e+00
1.420833333333333215e+01,4.779331673564295890e+00
1.422916666666666607e+01,4.781947332001720063e+00
1.425000000000000000e+01,4.785182915991638808e+00
1.427083333333333215e+01,4.789019810999610272e+00
1.429166666666666607e+01,4.793474259879606514e+00
1.431250000000000000e+01,4.798568236435377443e+00
1.433333333333333215e+01,4.804270554797082760e+00
1.435416666666666607e+01,4.810489617373788107e+00
1.437500000000000000e+01,4.817075393022602903e+00
1.439583333333333215e+01,4.823869964859401449e+00
1.441666666666666607e+01,4.830770600622003030e+00
1.443750000000000000e+01,4.837728664004642631e+00
1.445833333333333215e+01,4.844699904366168930e+00
1.447916666666666607e+01,4.851587197187298806e+00
1.450000000000000000e+01,4.858283953122263021e+00
1.452083333333333215e+01,4.864730569723587195e+00
1.454166666666666607e+01,4.870875326762465818e+00
1.456250000000000000e+01,4.876631560640849905e+00
1.458333333333333215e+01,4.881924996922320403e+00
1.460416666666666607e+01,4.886733943202611563e+00
1.462500000000000000e+01,4.891043775960454809e+00
1.464583333333333215e+01,4.894790857024642783e+00
1.466666666666666607e+01,4.897905308330874341e+00
1.468750000000000000e+01,4.900370698987033258e+00
1.470833333333333215e+01,4.902226873394246454e+00
1.472916666666666607e+01,4.903522568889234101e+00
1.475000000000000000e+01,4.904254930326358064e+00
1.477083333333333215e+01,4.904413072645258609e+00
1.479166666666666607e+01,4.904036382487575452e+00
1.481250000000000000e+01,4.903173340350354792e+00
1.483333333333333215e+01,4.901825295582566078e+00
1.485416666666666607e+01,4.899988048929112772e+00
1.487500000000000000e+01,4.897712497317966651e+00
1.489583333333333215e+01,4.895109156517044369e+00
1.491666666666666607e+01,4.892344190069291443e+00
1.493750000000000000e+01,4.889591194247751460e+00
1.495833333333333215e+01,4.886968781189213296e+00
1.497916666666666607e+01,4.884537561600303057e+00
1.500000000000000000e+01,4.882388267560141770e+00
1.502083333333333215e+01,4.880521890329318602e+00
1.504166666666666607e+01,4.878957632189547589e+00
1.506250000000000000e+01,4.877517949401148023e+00
1.508333333333333215e+01,4.876102437686254731e+00
1.510416666666666607e+01,4.874710506463907578e+00
1.512500000000000000e+01,4.873504216444644044e+00
1.514583333333333215e+01,4.872535044587202435e+00
1.516666666666666607e+01,4.871851806850568956e+00
1.518750000000000000e+01,4.871510007318458513e+00
1.520833333333333215e+01,4.871557599982433651e+00
1.522916666666666607e+01,4.872028247825859637e+00
1.525000000000000000e+01,4.872957357364724018e+00
1.527083333333333215e+01,4.874379614139249028e+00
1.529166666666666607e+01,4.876323606548208289e+00
1.531250000000000000e+01,4.878803637931826920e+00
1.533333333333333215e+01,4.881853370268589565e+00
1.535416666666666607e+01,4.885507186146422320e+00
1.537500000000000000e+01,4.889747925399348993e+00
1.539583333333333215e+01,4.894503774874363167e+00
1.541666666666666607e+01,4.899694655709279090e+00
1.543750000000000000e+01,4.905290726817971070e+00
1.545833333333333215e+01,4.911283452682855710e+00
1.547916666666666607e+01,4.917632256230120014e+00
1.550000000000000000e+01,4.924288573745757347e+00
1.552083333333333215e+01,4.931204842174031988e+00
1.554166666666666607e+01,4.938278389284441516e+00
1.556250000000000000e+01,4.945352720483809250e+00
1.558333333333333215e+01,4.952265208467613533e+00
1.560416666666666607e+01,4.958901797687219393e+00
1.562500000000000000e+01,4.965201264403058090e+00
1.564583333333333215e+01,4.971121939775859921e+00
1.566666666666666607e+01,4.976604053121626237e+00
1.568750000000000000e+01,4.981603228328769895e+00
1.570833333333333215e+01,4.986107839580489198e+00
1.572916666666666607e+01,4.990097994715356755e+00
1.575000000000000000e+01,4.993524677759456409e+00
1.577083333333333215e+01,4.996358091323799933e+00
1.579166666666666607e+01,4.998611797173787785e+00
1.581250000000000000e+01,5.000345288396270682e+00
1.583333333333333215e+01,5.001614530158053462e+00
1.585416666666666607e+01,5.002492311696498994e+00
1.587500000000000000e+01,5.003070724700435790e+00
1.589583333333333215e+01,5.003418475772487106e+00
1.591666666666666607e+01,5.003556928255883385e+00
1.593750000000000000e+01,5.003512842518067494e+00
1.595833333333333215e+01,5.003371911862521060e+00
1.597916666666666607e+01,5.003227073840950112e+00
1.600000000000000000e+01,5.003119328202219940e+00
1.602083333333333215e+01,5.003081528025510316e+00
1.604166666666666430e+01,5.003199578028203476e+00
1.606250000000000000e+01,5.003541598561931814e+00
1.608333333333333215e+01,5.004109310492279583e+00
1.610416666666666430e+01,5.004891903130070929e+00
1.612500000000000000e+01,5.005939151424165345e+00
1.614583333333333215e+01,5.007300090335010445e+00
1.616666666666666430e+01,5.008953522056533103e+00
1.618750000000000000e+01,5.010882790635547757e+00
1.620833333333333215e+01,5.013111763596603154e+00
1.622916666666666430e+01,5.015662747849074066e+00
1.625000000000000000e+01,5.018510422569623763e+00
1.627083333333333215e+01,5.021621584783944492e+00
1.629166666666666430e+01,5.025012219546257874e+00
1.631250000000000000e+01,5.028706606022640635e+00
1.633333333333333215e+01,5.032678782778174487e+00
1.635416666666666430e+01,5.036847291028240470e+00
1.637500000000000000e+01,5.041122363256936190e+00
1.639583333333333215e+01,5.045462849864289723e+00
1.641666666666666430e+01,5.049837469309836457e+00
1.643750000000000000e+01,5.054180935387747375e+00
1.645833333333333215e+01,5.058438384623645589e+00
1.647916666666666430e+01,5.062605544085397646e+00
1.650000000000000000e+01,5.066686953972133090e+00
1.652083333333333215e+01,5.070636004149176479e+00
1.654166666666666430e+01,5.074395437667881481e+00
1.656250000000000000e+01,5.077952629128659190e+00
1.658333333333333215e+01,5.081299943216693649e+00
1.660416666666666430e+01,5.084378901345426804e+00
1.662500000000000000e+01,5.087121573948361508e+00
1.664583333333333215e+01,5.089507947301825652e+00
1.666666666666666430e+01,5.091555407668642452e+00
1.668750000000000000e+01,5.093310275396219389e+00
1.670833333333333215e+01,5.094823217851208952e+00
1.672916666666666430e+01,5.096095689412940111e+00
1.675000000000000000e+01,5.097120602321816740e+00
1.677083333333333215e+01,5.097940237397051710e+00
1.679166666666666430e+01,5.098604175332027033e+00
1.681250000000000000e+01,5.099112099588333002e+00
1.683333333333333215e+01,5.099454794483650133e+00
1.685416666666666430e+01,5.099674518485466379e+00
1.687500000000000000e+01,5.099864626955585400e+00
1.689583333333333215e+01,5.100125109339487040e+00
1.691666666666666430e+01,5.100507585441281577e+00
1.693750000000000000e+01,5.100999304171111248e+00
1.695833333333333215e+01,5.101626337616978368e+00
1.697916666666666430e+01,5.102430046602216329e+00
1.700000000000000000e+01,5.103413213056477105e+00
1.702083333333333215e+01,5.104562562274892024e+00
1.704166666666666430e+01,5.105896858987919451e+00
1.706250000000000000e+01,5.107439333972805251e+00
1.708333333333333215e+01,5.109174497810716531e+00
1.710416666666666430e+01,5.111085770430254804e+00
1.712500000000000000e+01,5.113205890791022057e+00
1.714583333333333215e+01,5.115575110466443753e+00
1.716666666666666430e+01,5.118182789491437568e+00
1.718750000000000000e+01,5.120963530979499190e+00
1.720833333333333215e+01,5.123844408740163558e+00
1.722916666666666430e+01,5.126798815976792767e+00
1.725000000000000000e+01,5.129826518337616825e+00
1.727083333333333215e+01,5.132902886692914279e+00
1.729166666666666430e+01,5.135995247779564288e+00
1.731250000000000000e+01,5.139115675911066994e+00
1.733333333333333215e+01,5.142281506983638728e+00
1.735416666666666430e+01,5.145461017343269106e+00
1.737500000000000000e+01,5.148613852168735683e+00
1.739583333333333215e+01,5.151746738196560038e+00
1.741666666666666430e+01,5.154873869324004154e+00
1.743750000000000000e+01,5.157960569630404279e+00
1.745833333333333215e+01,5.160964042925519912e+00
1.747916666666666430e+01,5.163890202818808284e+00
1.750000000000000000e+01,5.166753853517677797e+00
1.752083333333333215e+01,5.169518639918267766e+00
1.754166666666666430e+01,5.172137878197799132e+00
1.756250000000000000e+01,5.174610430538469252e+00
1.758333333333333215e+01,5.176941866510749612e+00
1.760416666666666430e+01,5.179108248526985037e+00
1.762500000000000000e+01,5.181100748275961898e+00
1.764583333333333215e+01,5.182929494927903669e+00
1.766666666666666430e+01,5.184582087689498131e+00
1.768750000000000000e+01,5.186046992566506475e+00
1.770833333333333215e+01,5.187362254772256875e+00
1.772916666666666430e+01,5.188573717634452187e+00
1.775000000000000000e+01,5.189677406197623633e+00
1.777083333333333215e+01,5.190661704899323325e+00
1.779166666666666430e+01,5.191563784799670955e+00
1.781250000000000000e+01,5.192428528827511158e+00
1.783333333333333215e+01,5.193251069813569210e+00
1.785416666666666430e+01,5.194018904373131740e+00
1.787500000000000000e+01,5.194768725024506040e+00
1.789583333333333215e+01,5.195554562102817187e+00
1.791666666666666430e+01,5.196393091324363667e+00
1.793750000000000000e+01,5.197294841695657475e+00
1.795833333333333215e+01,5.198319400896829201e+00
1.797916666666666430e+01,5.199534254895211483e+00
1.800000000000000000e+01,5.200955566783886042e+00
1.802083333333333215e+01,5.202568836883487258e+00
1.804166666666666430e+01,5.204379014908242951e+00
1.806250000000000000e+01,5.206415422845561913e+00
1.808333333333333215e+01,5.208660712780521784e+00
1.810416666666666430e+01,5.211093936211151245e+00
1.812500000000000000e+01,5.213737370605195487e+00
1.814583333333333215e+01,5.216606916589388909e+00
1.816666666666666430e+01,5.219672630471826835e+00
1.818750000000000000e+01,5.222873301973071314e+00
1.820833333333333215e+01,5.226148916239872655e+00
1.822916666666666430e+01,5.229489044606002501e+00
1.825000000000000000e+01,5.232893056697916379e+00
1.827083333333333215e+01,5.236311523253026401e+00
1.829166666666666430e+01,5.239686382789309427e+00
1.831250000000000000e+01,5.243008331588948856e+00
1.833333333333333215e+01,5.246277699256255644e+00
1.835416666666666430e+01,5.249446050982523815e+00
1.837500000000000000e+01,5.252451954173873006e+00
1.839583333333333215e+01,5.255298489067128820e+00
1.841666666666666430e+01,5.258010399891304587e+00
1.843750000000000000e+01,5.260583711421785047e+00
1.845833333333333215e+01,5.262989282390664769e+00
1.847916666666666430e+01,5.265213929445442531e+00
1.850000000000000000e+01,5.267283984519592899e+00
1.852083333333333215e+01,5.269218736574578621e+00
1.854166666666666430e+01,5.271036555052126538e+00
1.856250000000000000e+01,5.272737053421486131e+00
1.858333333333333215e+01,5.274326602792035246e+00
1.860416666666666430e+01,5.275837340586276625e+00
1.862500000000000000e+01,5.277280099806936242e+00
1.864583333333333215e+01,5.278643257985708104e+00
1.866666666666666430e+01,5.279943051905835461e+00
1.868750000000000000e+01,5.281239339953040179e+00
1.870833333333333215e+01,5.282587951830458373e+00
1.872916666666666430e+01,5.283997222739666100e+00
1.875000000000000000e+01,5.285467804258149549e+00
1.877083333333333215e+01,5.287042000258559860e+00
1.879166666666666430e+01,5.288760569301603987e+00
1.881250000000000000e+01,5.290614682685060188e+00
1.883333333333333215e+01,5.292586698872902673e+00
1.885416666666666430e+01,5.294691671410453715e+00
1.887500000000000000e+01,5.296933925659178755e+00
1.889583333333333215e+01,5.299283952046259571e+00
1.891666666666666430e+01,5.301724826350488584e+00
1.893750000000000000e+01,5.304271814956111442e+00
1.895833333333333215e+01,5.306927341821007005e+00
1.897916666666666430e+01,5.309672606238989623e+00
1.900000000000000000e+01,5.312511723336906577e+00
1.902083333333333215e+01,5.315448265358833524e+00
1.904166666666666430e+01,5.318437089684398877e+00
1.906250000000000000e+01,5.321423643770463840e+00
1.908333333333333215e+01,5.324400248039273364e+00
1.910416666666666430e+01,5.327365859142709326e+00
1.912500000000000000e+01,5.330280729692994157e+00
1.914583333333333215e+01,5.333111142848534492e+00
1.916666666666666430e+01,5.335873351398340070e+00
1.918750000000000000e+01,5.338587415016259996e+00
1.920833333333333215e+01,5.341221154825354311e+00
1.922916666666666430e+01,5.343733087148741845e+00
1.925000000000000000e+01,5.346127554581121544e+00
1.927083333333333215e+01,5.348414434526669758e+00
1.929166666666666430e+01,5.350552991200657083e+00
1.931250000000000000e+01,5.352509426939679571e+00
1.933333333333333215e+01,5.354331185471213672e+00
1.935416666666666430e+01,5.356082940186478680e+00
1.937500000000000000e+01,5.357791813867118336e+00
1.939583333333333215e+01,5.359455599420317462e+00
1.941666666666666430e+01,5.361085423892197888e+00
1.943750000000000000e+01,5.362693747758529916e+00
1.945833333333333215e+01,5.364260291963046434e+00
1.947916666666666430e+01,5.365777811352945292e+00
1.950000000000000000e+01,5.367279847262699910e+00
1.952083333333333215e+01,5.368799335378922066e+00
1.954166666666666430e+01,5.370321624362678570e+00
1.956250000000000000e+01,5.371825936024600345e+00
1.958333333333333215e+01,5.373341132979797763e+00
1.960416666666666430e+01,5.374904160854864443e+00
1.962500000000000000e+01,5.376503302189358457e+00
1.964583333333333215e+01,5.378117798532112914e+00
1.966666666666666430e+01,5.379773878620826899e+00
1.968750000000000000e+01,5.381502822476850412e+00
1.970833333333333215e+01,5.383285633834719697e+00
1.972916666666666430e+01,5.385096541657372171e+00
1.975000000000000000e+01,5.386957935863904368e+00
1.977083333333333215e+01,5.388897662008848677e+00
1.979166666666666430e+01,5.390895302917075860e+00
1.981250000000000000e+01,5.392921915516676989e+00
1.983333333333333215e+01,5.394995530636420789e+00
1.985416666666666430e+01,5.397138756354471489e+00
1.987500000000000000e+01,5.399323642895736519e+00
1.989583333333333215e+01,5.401513597683917922e+00
1.991666666666666430e+01,5.403717372111212391e+00
1.993750000000000000e+01,5.405948324401019356e+00
1.995833333333333215e+01,5.408177021713260757e+00
1.997916666666666430e+01,5.410374758932072758e+00
2.000000000000000000e+01,5.412559123008219508e+00
2.002083333333333215e+01,5.414754557813250990e+00
2.004166666666666430e+01,5.416937254623742426e+00
2.006250000000000000e+01,5.419075935850424131e+00
2.008333333333333215e+01,5.421188770752117136e+00
2.010416666666666430e+01,5.423302132164074862e+00
2.012500000000000000e+01,5.425393831269007983e+00
2.014583333333333215e+01,5.427433033573689336e+00
2.016666666666666430e+01,5.429437892345346128e+00
2.018750000000000000e+01,5.431434720815513373e+00
2.020833333333333215e+01,5.433404153927638980e+00
2.022916666666666430e+01,5.435320246065315608e+00
2.025000000000000000e+01,5.437207851948882009e+00
2.027083333333333215e+01,5.439102022527290359e+00
2.029166666666666430e+01,5.440990358262671300e+00
2.031250000000000000e+01,5.442854875507399548e+00
2.033333333333333215e+01,5.444729598216636823e+00
2.035416666666666430e+01,5.446661598518693914e+00
2.037500000000000000e+01,5.448642693539745174e+00
2.039583333333333215e+01,5.450644546977635230e+00
2.041666666666666430e+01,5.452684158772840739e+00
2.043750000000000000e+01,5.454785988907506322e+00
2.045833333333333215e+01,5.456924304957322391e+00
2.047916666666666430e+01,5.459054075613273049e+00
2.050000000000000000e+01,5.461183849507851740e+00
2.052083333333333215e+01,5.463336321708924359e+00
2.054166666666666430e+01,5.465483880870252165e+00
2.056250000000000000e+01,5.467598432886774162e+00
2.058333333333333215e+01,5.469697926109580166e+00
2.060416666666666430e+01,5.471804532089687534e+00
2.062500000000000000e+01,5.473889868407799675e+00
2.064583333333333215e+01,5.475916028149915959e+00
2.066666666666666430e+01,5.477890608971958564e+00
2.068750000000000000e+01,5.479838684108663927e+00
2.070833333333333215e+01,5.481750452017974062e+00
2.072916666666666430e+01,5.483610665373229942e+00
2.075000000000000000e+01,5.485452574040492912e+00
2.077083333333333215e+01,5.487315370115943836e+00
2.079166666666666430e+01,5.489191845413363247e+00
2.081250000000000000e+01,5.491069714059925388e+00
2.083333333333333215e+01,5.492983837392261037e+00
2.085416666666666430e+01,5.494972826867694060e+00
2.087500000000000000e+01,5.497025876385556842e+00
2.089583333333333215e+01,5.499122273322997856e+00
2.091666666666666430e+01,5.501287051144517548e+00
2.093750000000000000e+01,5.503550023174908823e+00
2.095833333333333215e+01,5.505889899574397006e+00
2.097916666666666430e+01,5.508275970852100301e+00
2.100000000000000000e+01,5.510723212581765118e+00
2.102083333333333215e+01,5.513254261639515263e+00
2.104166666666666430e+01,5.515844285679126990e+00
2.106250000000000000e+01,5.518460660565533082e+00
2.108333333333333215e+01,5.521119653101618674e+00
2.110416666666666430e+01,5.523844656989234991e+00
2.112500000000000000e+01,5.526609016249477868e+00
2.114583333333333215e+01,5.529376262970816747e+00
2.116666666666666430e+01,5.532157543361723384e+00
2.118750000000000000e+01,5.534972193744300384e+00
2.120833333333333215e+01,5.537793883719801968e+00
2.122916666666666430e+01,5.540590016570144272e+00
2.125000000000000000e+01,5.543372550172282587e+00
2.127083333333333215e+01,5.546154942686237987e+00
2.129166666666666430e+01,5.548903208296525058e+00
2.131250000000000000e+01,5.551578185452886061e+00
2.133333333333333215e+01,5.554192660609278853e+00
2.135416666666666430e+01,5.556770750878037290e+00
2.137500000000000000e+01,5.559290994799551022e+00
2.139583333333333215e+01,5.561726146310685515e+00
2.141666666666666430e+01,5.564094888010252760e+00
2.143750000000000000e+01,5.566420015982495251e+00
2.145833333333333215e+01,5.568678899072207145e+00
2.147916666666666430e+01,5.570843830551930331e+00
2.150000000000000000e+01,5.572932675529911783e+00
2.152083333333333215e+01,5.574964566164895885e+00
2.154166666666666430e+01,5.576913774100383137e+00
2.156250000000000000e+01,5.578753894095309640e+00
2.158333333333333215e+01,5.580504797406088180e+00
2.160416666666666430e+01,5.582190649999335008e+00
2.162500000000000000e+01,5.583785487376775158e+00
2.164583333333333215e+01,5.585254585492862134e+00
2.166666666666666430e+01,5.586612134226756510e+00
2.168750000000000000e+01,5.587910356169042636e+00
2.170833333333333215e+01,5.589187651163793902e+00
2.172916666666666430e+01,5.590436963366946621e+00
2.175000000000000000e+01,5.591648851306969092e+00
2.177083333333333215e+01,5.592860825471287711e+00
2.179166666666666430e+01,5.594117575162730560e+00
2.181250000000000000e+01,5.595410771070957523e+00
2.183333333333333215e+01,5.596719022626277074e+00
2.185416666666666430e+01,5.598068776612829645e+00
2.187500000000000000e+01,5.599496738724014655e+00
2.189583333333333215e+01,5.600990486530038837e+00
2.191666666666666430e+01,5.602529940781082018e+00
2.193750000000000000e+01,5.604143314709658874e+00
2.195833333333333215e+01,5.605866688378219109e+00
2.197916666666666430e+01,5.607686967865976868e+00
2.200000000000000000e+01,5.609583421224624722e+00
2.202083333333333215e+01,5.611583586747769914e+00
2.204166666666666430e+01,5.613725139131215514e+00
2.206250000000000000e+01,5.615998970937676305e+00
2.208333333333333215e+01,5.618390672568477129e+00
2.210416666666666430e+01,5.620916500933357263e+00
2.212500000000000000e+01,5.623575998415285326e+00
2.214583333333333215e+01,5.626342726098802594e+00
2.216666666666666430e+01,5.629204065878740337e+00
2.218750000000000000e+01,5.632143516363353086e+00
2.220833333333333215e+01,5.635108400122023298e+00
2.222916666666666430e+01,5.638062264431145998e+00
2.225000000000000000e+01,5.641002581129651361e+00
2.227083333333333215e+01,5.643921354243035537e+00
2.229166666666666430e+01,5.646792632640769583e+00
2.231250000000000000e+01,5.649618547331150431e+00
2.233333333333333215e+01,5.652407040461910448e+00
2.235416666666666430e+01,5.655116436505717381e+00
2.237500000000000000e+01,5.657695149502204757e+00
2.239583333333333215e+01,5.660138527717926138e+00
2.241666666666666430e+01,5.662449040975638503e+00
2.243750000000000000e+01,5.664603252936473154e+00
2.245833333333333215e+01,5.666596481923145134e+00
2.247916666666666430e+01,5.668438483705057429e+00
2.250000000000000000e+01,5.670110071287747466e+00
2.252083333333333215e+01,5.671593805904615593e+00
2.254166666666666430e+01,5.672922359676571880e+00
2.256250000000000000e+01,5.674138695095691354e+00
2.258333333333333215e+01,5.675238953597772529e+00
2.260416666666666430e+01,5.676215003912121304e+00
2.262500000000000000e+01,5.677108714459850880e+00
2.264583333333333215e+01,5.677969864098640684e+00
2.266666666666666430e+01,5.678799652078173388e+00
2.268750000000000000e+01,5.679591433540718270e+00
2.270833333333333215e+01,5.680387981301627143e+00
2.272916666666666430e+01,5.681239646305969337e+00
2.275000000000000000e+01,5.682148801340677124e+00
2.277083333333333215e+01,5.683110453428419362e+00
2.279166666666666430e+01,5.684168510991310264e+00
2.281250000000000000e+01,5.685374272799847084e+00
2.283333333333333215e+01,5.686731427374502879e+00
2.285416666666666430e+01,5.688235875567807298e+00
2.287500000000000000e+01,5.689931454530564814e+00
2.289583333333333215e+01,5.691866513629141089e+00
2.291666666666666430e+01,5.694038388712938215e+00
2.293750000000000000e+01,5.696432845363698760e+00
2.295833333333333215e+01,5.699077504051587972e+00
2.297916666666666430e+01,5.702001813015051823e+00
2.300000000000000000e+01,5.705181657042415644e+00
2.302083333333333215e+01,5.708536758624823904e+00
2.304166666666666430e+01,5.711978017073059632e+00
2.306250000000000000e+01,5.715466355872556470e+00
2.308333333333333215e+01,5.718994468598578962e+00
2.310416666666666430e+01,5.722531836555592832e+00
2.312500000000000000e+01,5.726039953770325042e+00
2.314583333333333215e+01,5.729525665871272544e+00
2.316666666666666430e+01,5.732996365771131586e+00
2.318750000000000000e+01,5.736416528732030784e+00
2.320833333333333215e+01,5.739737822075596796e+00
2.322916666666666430e+01,5.742954553417996877e+00
2.325000000000000000e+01,5.746061774097582564e+00
2.327083333333333215e+01,5.749009662441276980e+00
2.329166666666666430e+01,5.751749642958576381e+00
2.331250000000000000e+01,5.754279739534148064e+00
2.333333333333333215e+01,5.756607348355547771e+00
2.335416666666666430e+01,5.758737228657297536e+00
2.337500000000000000e+01,5.760697016750475186e+00
2.339583333333333215e+01,5.762494038964192988e+00
2.341666666666666430e+01,5.764127599401574820e+00
2.343750000000000000e+01,5.765622620110585572e+00
2.345833333333333215e+01,5.766989340217941518e+00
2.347916666666666430e+01,5.768211897338005656e+00
2.350000000000000000e+01,5.769297872982043884e+00
2.352083333333333215e+01,5.770307940655581724e+00
2.354166666666666430e+01,5.771316090352478945e+00
2.356250000000000000e+01,5.772336169692109387e+00
2.358333333333333215e+01,5.773375674552583270e+00
2.360416666666666430e+01,5.774479085520793475e+00
2.362500000000000000e+01,5.775674900752670204e+00
2.364583333333333215e+01,5.776954660007728393e+00
2.366666666666666430e+01,5.778306141054368794e+00
2.368750000000000000e+01,5.779764420478012532e+00
2.370833333333333215e+01,5.781377701830415106e+00
2.372916666666666430e+01,5.783148308521712799e+00
2.375000000000000000e+01,5.785068434734422560e+00
2.377083333333333215e+01,5.787161174400075048e+00
2.379166666666666430e+01,5.789440550479105774e+00
2.381250000000000000e+01,5.791886586481252763e+00
2.383333333333333215e+01,5.794488561231346146e+00
2.385416666666666430e+01,5.797241772548222372e+00
2.387500000000000000e+01,5.800093036234597932e+00
2.389583333333333215e+01,5.802981506299872194e+00
2.391666666666666430e+01,5.805896201542619650e+00
2.393750000000000000e+01,5.808834750089427956e+00
2.395833333333333215e+01,5.811763868009337308e+00
2.397916666666666430e+01,5.814663761615197046e+00
2.400000000000000000e+01,5.817554561127475488e+00
2.402083333333333215e+01,5.820449942214684036e+00
2.404166666666666430e+01,5.823314243405746105e+00
2.406250000000000000e+01,5.826105031600453898e+00
2.408333333333333215e+01,5.828829164865902079e+00
2.410416666666666430e+01,5.831501100425619200e+00
2.412500000000000000e+01,5.834087348700627729e+00
2.414583333333333215e+01,5.836546316588925087e+00
2.416666666666666430e+01,5.838884558545105463e+00
2.418750000000000000e+01,5.841113456992508723e+00
2.420833333333333215e+01,5.843201492393402141e+00
2.422916666666666430e+01,5.845117086757168678e+00
2.425000000000000000e+01,5.846875101749565040e+00
2.427083333333333215e+01,5.848494927731738180e+00
2.429166666666666430e+01,5.849947839989894760e+00
2.431250000000000000e+01,5.851198007139011281e+00
2.433333333333333215e+01,5.852258029640032611e+00
2.435416666666666430e+01,5.853192719783568698e+00
2.437500000000000000e+01,5.854075421212585617e+00
2.439583333333333215e+01,5.854930816957336859e+00
2.441666666666666430e+01,5.855773110542893178e+00
2.443750000000000000e+01,5.856651136775618660e+00
2.445833333333333215e+01,5.857604222850609332e+00
2.447916666666666430e+01,5.858620744688726845e+00
2.450000000000000000e+01,5.859679809995680166e+00
2.452083333333333215e+01,5.860809328653850514e+00
2.454166666666666430e+01,5.862045804664737680e+00
2.456250000000000000e+01,5.863384930675190176e+00
2.458333333333333215e+01,5.864823096123829238e+00
2.460416666666666430e+01,5.866406453390746734e+00
2.462500000000000000e+01,5.868189074301543684e+00
2.464583333333333215e+01,5.870176252737598688e+00
2.466666666666666430e+01,5.872359338260988437e+00
2.468750000000000000e+01,5.874731330196326873e+00
2.470833333333333215e+01,5.877258023011210142e+00
2.472916666666666430e+01,5.879923015228085248e+00
2.475000000000000000e+01,5.882724948662612974e+00
2.477083333333333215e+01,5.885631168877464958e+00
2.479166666666666430e+01,5.888611698817532769e+00
2.481250000000000000e+01,5.891689979353477824e+00
2.483333333333333215e+01,5.894901069408338579e+00
2.485416666666666430e+01,5.898231535508649870e+00
2.487500000000000000e+01,5.901612451091615696e+00
2.489583333333333215e+01,5.904967535712755122e+00
2.491666666666666430e+01,5.908271879122002801e+00
2.493750000000000000e+01,5.911516346721525927e+00
2.495833333333333215e+01,5.914649262326696189e+00
2.497916666666666430e+01,5.917641645924597960e+00
2.500000000000000000e+01,5.920538268240325586e+00
2.502083333333333215e+01,5.923387286500270577e+00
2.504166666666666430e+01,5.926175542839598798e+00
2.506250000000000000e+01,5.928844139436802330e+00
2.508333333333333215e+01,5.931383385084078697e+00
2.510416666666666430e+01,5.933809615347242605e+00
2.512500000000000000e+01,5.936138227248751953e+00
2.514583333333333215e+01,5.938334141310890324e+00
2.516666666666666430e+01,5.940363044749570776e+00
2.518750000000000000e+01,5.942235624690496820e+00
2.520833333333333215e+01,5.943971530442408557e+00
2.522916666666666430e+01,5.945561822283379705e+00
2.525000000000000000e+01,5.947012268135406288e+00
2.527083333333333215e+01,5.948349657023292991e+00
2.529166666666666430e+01,5.949574549221437358e+00
2.531250000000000000e+01,5.950678816941229243e+00
2.533333333333333215e+01,5.951698420201835482e+00
2.535416666666666430e+01,5.952679994501358429e+00
2.537500000000000000e+01,5.953635417234365512e+00
2.539583333333333215e+01,5.954575924169811074e+00
2.541666666666666430e+01,5.955554222722574842e+00
2.543750000000000000e+01,5.956621368970164809e+00
2.545833333333333215e+01,5.957776360735134169e+00
2.547916666666666430e+01,5.959007159716609436e+00
2.550000000000000000e+01,5.960347730525750620e+00
2.552083333333333215e+01,5.961840081394206514e+00
2.554166666666666430e+01,5.963477787185206047e+00
2.556250000000000000e+01,5.965246591041545088e+00
2.558333333333333215e+01,5.967181333135937571e+00
2.560416666666666430e+01,5.969323312536615411e+00
2.562500000000000000e+01,5.971664158853910109e+00
2.564583333333333215e+01,5.974187015697464354e+00
2.566666666666666430e+01,5.976919328115702257e+00
2.568750000000000000e+01,5.979890889027651646e+00
2.570833333333333215e+01,5.983080559629426531e+00
2.572916666666666430e+01,5.986420765629045349e+00
2.575000000000000000e+01,5.989847914469286216e+00
2.577083333333333215e+01,5.993345015091843919e+00
2.579166666666666430e+01,5.996900448844668219e+00
2.581250000000000000e+01,6.000473874774719718e+00
2.583333333333333215e+01,6.004040445023572481e+00
2.585416666666666430e+01,6.007579240283740241e+00
2.587500000000000000e+01,6.011002929863678013e+00
2.589583333333333215e+01,6.014273945148064016e+00
2.591666666666666430e+01,6.017409422069816216e+00
2.593750000000000000e+01,6.020430365915810711e+00
2.595833333333333215e+01,6.023312947707865739e+00
2.597916666666666430e+01,6.026004607839078986e+00
2.600000000000000000e+01,6.028506674273829802e+00
2.602083333333333215e+01,6.030849081221912655e+00
2.604166666666666430e+01,6.033046957479070826e+00
2.606250000000000000e+01,6.035065081333340409e+00
2.608333333333333215e+01,6.036859494919990077e+00
2.610416666666666430e+01,6.038434484019957971e+00
2.612500000000000000e+01,6.039803885399186001e+00
2.614583333333333215e+01,6.040948808307282647e+00
2.616666666666666430e+01,6.041861377386349652e+00
2.618750000000000000e+01,6.042585231944543445e+00
2.620833333333333215e+01,6.043179034454647436e+00
2.622916666666666430e+01,6.043664820086535272e+00
2.625000000000000000e+01,6.044060037070376978e+00
2.627083333333333215e+01,6.044433166127527457e+00
2.629166666666666430e+01,6.044862868871063277e+00
2.631250000000000000e+01,6.045379868668232959e+00
2.633333333333333215e+01,6.045970653492307889e+00
2.635416666666666430e+01,6.046626050544768205e+00
2.637500000000000000e+01,6.047387617562038464e+00
2.639583333333333215e+01,6.048304009389505076e+00
2.641666666666666430e+01,6.049374244734544881e+00
2.643750000000000000e+01,6.050589693008425307e+00
2.645833333333333215e+01,6.051994563348096712e+00
2.647916666666666430e+01,6.053641673639194920e+00
2.650000000000000000e+01,6.055503533161513019e+00
2.652083333333333215e+01,6.057558290455615335e+00
2.654166666666666430e+01,6.059828732515914140e+00
2.656250000000000000e+01,6.062340416848394753e+00
2.658333333333333215e+01,6.065071949872826274e+00
2.660416666666666430e+01,6.067996166441576911e+00
2.662500000000000000e+01,6.071137301593000579e+00
2.664583333333333215e+01,6.074530333789999403e+00
2.666666666666666430e+01,6.078161813770441846e+00
2.668750000000000000e+01,6.081966431963211406e+00
2.670833333333333215e+01,6.085871040261208620e+00
2.672916666666666430e+01,6.089851277179660016e+00
2.675000000000000000e+01,6.093891918860543377e+00
2.677083333333333215e+01,6.097928859266267487e+00
2.679166666666666430e+01,6.101890014142612451e+00
2.681250000000000000e+01,6.105752146460792673e+00
2.683333333333333215e+01,6.109501001493707228e+00
2.685416666666666430e+01,6.113073499512803544e+00
2.687500000000000000e+01,6.116389608003673040e+00
2.689583333333333215e+01,6.119446624016722680e+00
2.691666666666666430e+01,6.122264640288189952e+00
2.693750000000000000e+01,6.124821843800219767e+00
2.695833333333333215e+01,6.127085028694508217e+00
2.697916666666666430e+01,6.129050132139492568e+00
2.700000000000000000e+01,6.130731546579011315e+00
2.702083333333333215e+01,6.132131070394658323e+00
2.704166666666666430e+01,6.133307218047257869e+00
2.706250000000000000e+01,6.134326624478089407e+00
2.708333333333333215e+01,6.135207024171393186e+00
2.710416666666666430e+01,6.135954788505687318e+00
2.712500000000000000e+01,6.136598134622047063e+00
2.714583333333333215e+01,6.137146257476859823e+00
2.716666666666666430e+01,6.137601426226940937e+00
2.718750000000000000e+01,6.138013047189256888e+00
2.720833333333333215e+01,6.138438874929669886e+00
2.722916666666666430e+01,6.138892369372107360e+00
2.725000000000000000e+01,6.139382406275475823e+00
2.727083333333333215e+01,6.139969013721589874e+00
2.729166666666666430e+01,6.140721830235660761e+00
2.731250000000000000e+01,6.141662670261873735e+00
2.733333333333333215e+01,6.142791861932222375e+00
2.735416666666666430e+01,6.144130350681757058e+00
2.737500000000000000e+01,6.145694660326337377e+00
2.739583333333333215e+01,6.147470452634681948e+00
2.741666666666666430e+01,6.149456112292951637e+00
2.743750000000000000e+01,6.151672835077480528e+00
2.745833333333333215e+01,6.154116605474862389e+00
2.747916666666666430e+01,6.156779938886578485e+00
2.750000000000000000e+01,6.159686984300258850e+00
2.752083333333333215e+01,6.162847363213304064e+00
2.754166666666666430e+01,6.166219116369790143e+00
2.756250000000000000e+01,6.169749426696162331e+00
2.758333333333333215e+01,6.173419920072102052e+00
2.760416666666666430e+01,6.177205162830756713e+00
2.762500000000000000e+01,6.181057664827069864e+00
2.764583333333333215e+01,6.184955015992032124e+00
2.766666666666666430e+01,6.188881910393638996e+00
2.768750000000000000e+01,6.192776247111738464e+00
2.770833333333333215e+01,6.196569056427000177e+00
2.772916666666666430e+01,6.200237720511961648e+00
2.775000000000000000e+01,6.203765183279264406e+00
2.777083333333333215e+01,6.207082032562396101e+00
2.779166666666666430e+01,6.210107328685565697e+00
2.781250000000000000e+01,6.212807756189905106e+00
2.783333333333333215e+01,6.215196843073041322e+00
2.785416666666666430e+01,6.217298988800700421e+00
2.787500000000000000e+01,6.219107924284955402e+00
2.789583333333333215e+01,6.220613023938071251e+00
2.791666666666666430e+01,6.221849774600712202e+00
2.793750000000000000e+01,6.222858400578971327e+00
2.795833333333333215e+01,6.223627868577771061e+00
2.797916666666666430e+01,6.224136476937321305e+00
2.800000000000000000e+01,6.224411092832892400e+00
2.802083333333333215e+01,6.224530310339141614e+00
2.804166666666666430e+01,6.224580094387552442e+00
2.806250000000000000e+01,6.224598008977551444e+00
2.808333333333333215e+01,6.224612905973114785e+00
2.810416666666666430e+01,6.224694811924835314e+00
2.812500000000000000e+01,6.224911816329688818e+00
2.814583333333333215e+01,6.225282166604223733e+00
2.816666666666666430e+01,6.225815247352194604e+00
2.818750000000000000e+01,6.226569312416953217e+00
2.820833333333333215e+01,6.227610668379246484e+00
2.822916666666666430e+01,6.228966483445066871e+00
2.825000000000000000e+01,6.230605128035477946e+00
2.827083333333333215e+01,6.232498457918670631e+00
2.829166666666666430e+01,6.234661167594022224e+00
2.831250000000000000e+01,6.237103266888389896e+00
2.833333333333333215e+01,6.239809497831893204e+00
2.835416666666666430e+01,6.242741163269098337e+00
2.837500000000000000e+01,6.245852376837080833e+00
2.839583333333333215e+01,6.249137290461411531e+00
2.841666666666666430e+01,6.252588551169727005e+00
2.843750000000000000e+01,6.256150170085141404e+00
2.845833333333333215e+01,6.259759125857113915e+00
2.847916666666666430e+01,6.263400876289998642e+00
2.850000000000000000e+01,6.267068886623293977e+00
2.852083333333333215e+01,6.270703786406723879e+00
2.854166666666666430e+01,6.274250646949010246e+00
2.856250000000000000e+01,6.277695553521589922e+00
2.858333333333333215e+01,6.281030071505102619e+00
2.860416666666666430e+01,6.284194213530331474e+00
2.862500000000000000e+01,6.287116740509308244e+00
2.864583333333333215e+01,6.289773104817441229e+00
2.866666666666666430e+01,6.292169892585834035e+00
2.868750000000000000e+01,6.294325164976662279e+00
2.870833333333333215e+01,6.296251082225074569e+00
2.872916666666666430e+01,6.297949790375884760e+00
2.875000000000000000e+01,6.299447986071980310e+00
2.877083333333333215e+01,6.300765173917641349e+00
2.879166666666666430e+01,6.301881281917405708e+00
2.881250000000000000e+01,6.302787988346841175e+00
2.883333333333333215e+01,6.303524398123883543e+00
2.885416666666666430e+01,6.304167448118597861e+00
2.887500000000000000e+01,6.304802480533203024e+00
2.889583333333333215e+01,6.305462453562985736e+00
2.891666666666666430e+01,6.306174039079803784e+00
2.893750000000000000e+01,6.306996134452536040e+00
2.895833333333333215e+01,6.307917662547700921e+00
2.897916666666666430e+01,6.308945931594559298e+00
2.900000000000000000e+01,6.310133378889667632e+00
2.902083333333333215e+01,6.311502608195507236e+00
2.904166666666666430e+01,6.313033315514946509e+00
2.906250000000000000e+01,6.314697098037191481e+00
2.908333333333333215e+01,6.316513005851902562e+00
2.910416666666666430e+01,6.318508485705525146e+00
2.912500000000000000e+01,6.320662911734777012e+00
2.914583333333333215e+01,6.322947402195468136e+00
2.916666666666666430e+01,6.325380142671201078e+00
2.918750000000000000e+01,6.327987960296299619e+00
2.920833333333333215e+01,6.330750002730595405e+00
2.922916666666666430e+01,6.333634078522436539e+00
2.925000000000000000e+01,6.336639441389342764e+00
2.927083333333333215e+01,6.339761536464125768e+00
2.929166666666666430e+01,6.342960471338915163e+00
2.931250000000000000e+01,6.346204814656985604e+00
2.933333333333333215e+01,6.349508821757941845e+00
2.935416666666666430e+01,6.352889201631075622e+00
2.937500000000000000e+01,6.356312972115505389e+00
2.939583333333333215e+01,6.359726343697454709e+00
2.941666666666666430e+01,6.363108726250635172e+00
2.943750000000000000e+01,6.366443935162259038e+00
2.945833333333333215e+01,6.369687098222611255e+00
2.947916666666666430e+01,6.372809852947498577e+00
2.950000000000000000e+01,6.375804106037223029e+00
2.952083333333333215e+01,6.378635126839608205e+00
2.954166666666666430e+01,6.381261674272248996e+00
2.956250000000000000e+01,6.383688356975788736e+00
2.958333333333333215e+01,6.385926441589239388e+00
2.960416666666666430e+01,6.387935724385620517e+00
2.962500000000000000e+01,6.389664895010439771e+00
2.964583333333333215e+01,6.391110306421617260e+00
2.966666666666666430e+01,6.392298230362833955e+00
2.968750000000000000e+01,6.393286807269006111e+00
2.970833333333333215e+01,6.394156733212223997e+00
2.972916666666666430e+01,6.394963038297516889e+00
2.975000000000000000e+01,6.395725253900698348e+00
2.977083333333333215e+01,6.396465226955263539e+00
2.979166666666666430e+01,6.397203249793133040e+00
2.981250000000000000e+01,6.397925142049594172e+00
2.983333333333333215e+01,6.398628965423348802e+00
2.985416666666666430e+01,6.399361069792148804e+00
2.987500000000000000e+01,6.400177174967770277e+00
2.989583333333333215e+01,6.401085829111570646e+00
2.991666666666666430e+01,6.402088284103637505e+00
2.993750000000000000e+01,6.403234361763545657e+00
2.995833333333333215e+01,6.404581831161170413e+00
2.997916666666666430e+01,6.406140267400264321e+00
