0.000000000000000000e+00,0.000000000000000000e+00
2.083333333333333218e-02,-9.780232725734435134e-14
4.166666666666666435e-02,-8.761425506992675095e-13
6.250000000000000000e-02,-1.253359269327669341e-12
8.333333333333332871e-02,-1.964444539552376314e-12
1.041666666666666574e-01,-3.679777856189115460e-12
1.250000000000000000e-01,-3.519737581363932944e-12
1.458333333333333148e-01,-5.518956481878779172e-12
1.666666666666666574e-01,-7.750483999363774311e-12
1.875000000000000000e-01,-5.622184588846592284e-12
2.083333333333333148e-01,-1.174102628255289729e-11
2.291666666666666574e-01,-1.134057126688764984e-11
2.500000000000000000e-01,-6.924795345383687037e-12
2.708333333333333148e-01,-2.366853606341937105e-11
2.916666666666666297e-01,-8.447566339227261391e-12
3.125000000000000000e-01,-1.139604249661787558e-11
3.333333333333333148e-01,-4.478773457357868687e-11
3.541666666666666297e-01,1.662709950267429534e-11
3.750000000000000000e-01,-4.102516929080599671e-11
3.958333333333333148e-01,-6.430104889727079018e-11
4.166666666666666297e-01,8.861178011122680057e-11
4.375000000000000000e-01,-1.643205405400158505e-10
4.583333333333333148e-01,-1.302215805629149132e-12
4.791666666666666297e-01,1.928139738018269746e-10
5.000000000000000000e-01,-4.553969280678323609e-10
5.208333333333332593e-01,1.928205594475436978e-10
5.416666666666666297e-01,1.566606537107750916e-10
5.625000000000000000e-01,-1.192855959830222780e-09
5.833333333333332593e-01,9.753201475223020137e-10
6.041666666666666297e-01,-3.774586230252642102e-10
6.250000000000000000e-01,-2.413734787759679471e-09
6.458333333333332593e-01,3.379663923097190839e-09
6.666666666666666297e-01,-2.885815107415536008e-09
6.875000000000000000e-01,-3.454961008222287928e-09
7.083333333333332593e-01,9.126725100223129972e-09
7.291666666666666297e-01,-1.151396895595433616e-08
7.500000000000000000e-01,-4.753261430976053006e-10
7.708333333333332593e-01,1.956477275186634414e-08
7.916666666666666297e-01,-3.581447468465580929e-08
8.125000000000000000e-01,2.027506265664309960e-08
8.333333333333332593e-01,2.939573846233015024e-08
8.541666666666666297e-01,-9.281201359584906399e-08
8.750000000000000000e-01,9.787593340338212086e-08
8.958333333333332593e-01,4.312058644281275751e-09
9.166666666666666297e-01,-1.981280781153265839e-07
9.375000000000000000e-01,3.240202534521055068e-07
9.583333333333332593e-01,-1.823316772818167164e-07
9.791666666666666297e-01,-3.097813404710288302e-07
1.000000000000000000e+00,8.204105138124835656e-07
1.020833333333333259e+00,-8.634830257169331483e-07
1.041666666666666519e+00,-3.662351680751853153e-07
1.062500000000000000e+00,1.668940650092836601e-06
1.083333333333333259e+00,-2.951439357732583299e-06
1.104166666666666519e+00,4.238587231696191533e-07
1.125000000000000000e+00,2.952291259801325609e-06
1.145833333333333259e+00,-8.012229069578759419e-06
1.166666666666666519e+00,4.688725892182840537e-06
1.187500000000000000e+00,3.526909138971638235e-06
1.208333333333333259e+00,-1.880200255609942652e-05
1.229166666666666519e+00,1.928190643996583541e-05
1.250000000000000000e+00,-2.560974800899426789e-06
1.270833333333333259e+00,-3.809690734816195294e-05
1.291666666666666519e+00,5.994668046175061096e-05
1.312500000000000000e+00,-3.588243208900623708e-05
1.333333333333333259e+00,-6.129352074192416120e-05
1.354166666666666519e+00,1.572329576069920359e-04
1.375000000000000000e+00,-1.558023974022367658e-04
1.395833333333333259e+00,-4.985992037841298038e-05
1.416666666666666519e+00,3.703657663695609603e-04
1.437500000000000000e+00,-6.214278052971004048e-04
1.458333333333333259e+00,-1.851576708928000465e-03
1.479166666666666519e+00,-1.087703919071616315e-03
1.500000000000000000e+00,4.818898171430868586e-04
1.520833333333333259e+00,6.207824152832223680e-04
1.541666666666666519e+00,4.888087432401014894e-04
1.562500000000000000e+00,2.310784169350418860e-03
1.583333333333333259e+00,4.905390573300976061e-03
1.604166666666666519e+00,6.049219530176321025e-03
1.625000000000000000e+00,6.915754269376202419e-03
1.645833333333333259e+00,9.756970091052875535e-03
1.666666666666666519e+00,1.342635737806217693e-02
1.687500000000000000e+00,1.572836177809580627e-02
1.708333333333333259e+00,1.781567054066994504e-02
1.729166666666666519e+00,2.146660405528028753e-02
1.750000000000000000e+00,2.533800117699600007e-02
1.770833333333333259e+00,2.720927815858515536e-02
1.791666666666666519e+00,2.827280939959095699e-02
1.812500000000000000e+00,3.070836783357982699e-02
1.833333333333333259e+00,3.330977144035952159e-02
1.854166666666666519e+00,3.373367064797481302e-02
1.875000000000000000e+00,3.302880933537166719e-02
1.895833333333333259e+00,3.332881481824589293e-02
1.916666666666666519e+00,3.345805631555324317e-02
1.937500000000000000e+00,3.211830750360773062e-02
1.958333333333333259e+00,3.081364306771431152e-02
1.979166666666666519e+00,3.166153767881804693e-02
2.000000000000000000e+00,3.379477228069548839e-02
2.020833333333333037e+00,3.822721515628343253e-02
2.041666666666666519e+00,4.570447425155955978e-02
2.062500000000000000e+00,5.443168279656750153e-02
2.083333333333333037e+00,6.242252443281040564e-02
2.104166666666666519e+00,7.101467327992883050e-02
2.125000000000000000e+00,8.245451586205819472e-02
2.145833333333333037e+00,9.562588949882273870e-02
2.166666666666666519e+00,1.083484011106007061e-01
2.187500000000000000e+00,1.218432131540310714e-01
2.208333333333333037e+00,1.381731562999257423e-01
2.229166666666666519e+00,1.561617921818584942e-01
2.250000000000000000e+00,1.735741354748035759e-01
2.270833333333333037e+00,1.907982845759806367e-01
2.291666666666666519e+00,2.098271908676545283e-01
2.312500000000000000e+00,2.296583544549724576e-01
2.333333333333333037e+00,2.482083733130282799e-01
2.354166666666666519e+00,2.667442553938106919e-01
2.375000000000000000e+00,2.872903823777848697e-01
2.395833333333333037e+00,3.086543422954285965e-01
2.416666666666666519e+00,3.287541459703026137e-01
2.437500000000000000e+00,3.487622560261370297e-01
2.458333333333333037e+00,3.700492643919854885e-01
2.479166666666666519e+00,3.911226697998681501e-01
2.500000000000000000e+00,4.101480179232005474e-01
2.520833333333333037e+00,4.282138943186106217e-01
2.541666666666666519e+00,4.477906262719685282e-01
2.562500000000000000e+00,4.678497748275906032e-01
2.583333333333333037e+00,4.862688329054274394e-01
2.604166666666666519e+00,5.044048708942097115e-01
2.625000000000000000e+00,5.247248879554281542e-01
2.645833333333333037e+00,5.461968574958133704e-01
2.666666666666666519e+00,5.665234270444580167e-01
2.687500000000000000e+00,5.858788293388117463e-01
2.708333333333333037e+00,6.061717919188757131e-01
2.729166666666666519e+00,6.263803629961423036e-01
2.750000000000000000e+00,6.443888784079694343e-01
2.770833333333333037e+00,6.615514632648211713e-01
2.791666666666666519e+00,6.803337826126628629e-01
2.812500000000000000e+00,6.997109844185582794e-01
2.833333333333333037e+00,7.175642936042653242e-01
2.854166666666666519e+00,7.352450482581902591e-01
2.875000000000000000e+00,7.552160056341394867e-01
2.895833333333333037e+00,7.764507988549667061e-01
2.916666666666666519e+00,7.965983391750051101e-01
2.937500000000000000e+00,8.153499102991954572e-01
2.958333333333333037e+00,8.344592956146236196e-01
2.979166666666666519e+00,8.533640239791927540e-01
3.000000000000000000e+00,8.703472171279318381e-01
3.020833333333333037e+00,8.865398651751367209e-01
3.041666666666666519e+00,9.044541058334358841e-01
3.062500000000000000e+00,9.230567806149720944e-01
3.083333333333333037e+00,9.401865202016808087e-01
3.104166666666666519e+00,9.572029651815019413e-01
3.125000000000000000e+00,9.766113469015571535e-01
3.145833333333333037e+00,9.973783506461529891e-01
3.166666666666666519e+00,1.017075942251926657e+00
3.187500000000000000e+00,1.035140966637065008e+00
3.208333333333333037e+00,1.053340345396977851e+00
3.229166666666666519e+00,1.071993271393499425e+00
3.250000000000000000e+00,1.089446573794902617e+00
3.270833333333333037e+00,1.106908601330653941e+00
3.291666666666666519e+00,1.125889479764900170e+00
3.312500000000000000e+00,1.144896075877859687e+00
3.333333333333333037e+00,1.161770157417665317e+00
3.354166666666666519e+00,1.177881205334656123e+00
3.375000000000000000e+00,1.195738010880789348e+00
3.395833333333333037e+00,1.214296835434121924e+00
3.416666666666666519e+00,1.231401305852795280e+00
3.437500000000000000e+00,1.248369923534499604e+00
3.458333333333333037e+00,1.267274649010710075e+00
3.479166666666666519e+00,1.286860626072596547e+00
3.500000000000000000e+00,1.304571048172750380e+00
3.520833333333333037e+00,1.317558966221389793e+00
3.541666666666666519e+00,1.323498237994158444e+00
3.562500000000000000e+00,1.323661559868381854e+00
3.583333333333333037e+00,1.320954305775583260e+00
3.604166666666666519e+00,1.317688916585284087e+00
3.625000000000000000e+00,1.312676589872997290e+00
3.645833333333333037e+00,1.303581766774095652e+00
3.666666666666666519e+00,1.291715126984295914e+00
3.687500000000000000e+00,1.279390136534552358e+00
3.708333333333333037e+00,1.265590821175893721e+00
3.729166666666666519e+00,1.249979480122408226e+00
3.750000000000000000e+00,1.234318208529588512e+00
3.770833333333333037e+00,1.218209441791802794e+00
3.791666666666666519e+00,1.199575788536544563e+00
3.812500000000000000e+00,1.179467635301360673e+00
3.833333333333333037e+00,1.160079613826225042e+00
3.854166666666666519e+00,1.140313439877172375e+00
3.875000000000000000e+00,1.118939476440256708e+00
3.895833333333333037e+00,1.097582284697828481e+00
3.916666666666666519e+00,1.078422502955380446e+00
3.937500000000000000e+00,1.060043108625017938e+00
3.958333333333333037e+00,1.039945093190354219e+00
3.979166666666666519e+00,1.019191491760788715e+00
4.000000000000000000e+00,1.000473043905866666e+00
4.020833333333333037e+00,9.864063888698433313e-01
4.041666666666666075e+00,9.780304417852493382e-01
4.062500000000000000e+00,9.735621469593656041e-01
4.083333333333333037e+00,9.705700610936821571e-01
4.104166666666666075e+00,9.702165452637733223e-01
4.125000000000000000e+00,9.738949440381978739e-01
4.145833333333333037e+00,9.799685265772465348e-01
4.166666666666666075e+00,9.860275515669193469e-01
4.187500000000000000e+00,9.933455904424328686e-01
4.208333333333333037e+00,1.004267886783621444e+00
4.229166666666666075e+00,1.017582665208343506e+00
4.250000000000000000e+00,1.030670129625860465e+00
4.270833333333333037e+00,1.043453045844805471e+00
4.291666666666666075e+00,1.057564015132273383e+00
4.312500000000000000e+00,1.071789876595614865e+00
4.333333333333333037e+00,1.083754659849390789e+00
4.354166666666666075e+00,1.094718229014456590e+00
4.375000000000000000e+00,1.106988058309885226e+00
4.395833333333333037e+00,1.119440516385339590e+00
4.416666666666666075e+00,1.130117263530432847e+00
4.437500000000000000e+00,1.140434361993645007e+00
4.458333333333333037e+00,1.152658882401482510e+00
4.479166666666666075e+00,1.165600232121462243e+00
4.500000000000000000e+00,1.176451029564847595e+00
4.520833333333333037e+00,1.182817899255483418e+00
4.541666666666666075e+00,1.185194090519690713e+00
4.562500000000000000e+00,1.185657615408064691e+00
4.583333333333333037e+00,1.183111592178397009e+00
4.604166666666666075e+00,1.176491480602455786e+00
4.625000000000000000e+00,1.167528683494732711e+00
4.645833333333333037e+00,1.158570810206517088e+00
4.666666666666666075e+00,1.148360268119268612e+00
4.687500000000000000e+00,1.134628968342520805e+00
4.708333333333333037e+00,1.118592877534626107e+00
4.729166666666666075e+00,1.102619429828441078e+00
4.750000000000000000e+00,1.085708826756614842e+00
4.770833333333333037e+00,1.067400868981115636e+00
4.791666666666666075e+00,1.049445006906187805e+00
4.812500000000000000e+00,1.031913910672141110e+00
4.833333333333333037e+00,1.012986328287941884e+00
4.854166666666666075e+00,9.939263597597118860e-01
4.875000000000000000e+00,9.770564684094995567e-01
4.895833333333333037e+00,9.611711027883886871e-01
4.916666666666666075e+00,9.438531356978698827e-01
4.937500000000000000e+00,9.263148022608601595e-01
4.958333333333333037e+00,9.105321073345774563e-01
4.979166666666666075e+00,8.951371256589010228e-01
5.000000000000000000e+00,8.776661715953311127e-01
5.020833333333333037e+00,8.591606403136304859e-01
5.041666666666666075e+00,8.422285597575680516e-01
5.062500000000000000e+00,8.295044531956990985e-01
5.083333333333333037e+00,8.229347234271716660e-01
5.104166666666666075e+00,8.209606736649182057e-01
5.125000000000000000e+00,8.208507140890650700e-01
5.145833333333333037e+00,8.223471316733874659e-01
5.166666666666666075e+00,8.271205357703261818e-01
5.187500000000000000e+00,8.337774576310692520e-01
5.208333333333333037e+00,8.397911452618466166e-01
5.229166666666666075e+00,8.462387854997884817e-01
5.250000000000000000e+00,8.552859292793288937e-01
5.270833333333333037e+00,8.655156801153371937e-01
5.291666666666666075e+00,8.744038750427706175e-01
5.312500000000000000e+00,8.830258554609405897e-01
5.333333333333333037e+00,8.935516284055182723e-01
5.354166666666666075e+00,9.046008487503591766e-01
5.375000000000000000e+00,9.139036841490184582e-01
5.395833333333333037e+00,9.226373547934413333e-01
5.416666666666666075e+00,9.330212097050825104e-01
5.437500000000000000e+00,9.440176711689293176e-01
5.458333333333333037e+00,9.533849026404851434e-01
5.479166666666666075e+00,9.622872651700371538e-01
5.500000000000000000e+00,9.728825447240373459e-01
5.520833333333333037e+00,9.837814457164493209e-01
5.541666666666666075e+00,9.920260929009079298e-01
5.562500000000000000e+00,9.951436855147235416e-01
5.583333333333333037e+00,9.942063545749172393e-01
5.604166666666666075e+00,9.914083769346653252e-01
5.625000000000000000e+00,9.857378100041908064e-01
5.645833333333333037e+00,9.776474291634245084e-01
5.666666666666666075e+00,9.690498198689676546e-01
5.687500000000000000e+00,9.586956476481397482e-01
5.708333333333333037e+00,9.452191999110074461e-01
5.729166666666666075e+00,9.302136464126058435e-01
5.750000000000000000e+00,9.158726648304906792e-01
5.770833333333333037e+00,9.008474038751089763e-01
5.791666666666666075e+00,8.826737506562690738e-01
5.812500000000000000e+00,8.624124698273950562e-01
5.833333333333333037e+00,8.425521510686169169e-01
5.854166666666666075e+00,8.241634977077542112e-01
5.875000000000000000e+00,8.055177004253819550e-01
5.895833333333333037e+00,7.849273466449782077e-01
5.916666666666666075e+00,7.638583267610588035e-01
5.937500000000000000e+00,7.444907017608065614e-01
5.958333333333333037e+00,7.254258364379798651e-01
5.979166666666666075e+00,7.041185739199504745e-01
6.000000000000000000e+00,6.838098105793388726e-01
6.020833333333333037e+00,6.647165869282565254e-01
6.041666666666666075e+00,6.484525126842323184e-01
6.062500000000000000e+00,6.336981083265722514e-01
6.083333333333333037e+00,6.183110904539866892e-01
6.104166666666666075e+00,6.032124209940745718e-01
6.125000000000000000e+00,5.902273576200335325e-01
6.145833333333333037e+00,5.781273241657090001e-01
6.166666666666666075e+00,5.647662051155462049e-01
6.187500000000000000e+00,5.510655997827247354e-01
6.208333333333333037e+00,5.388551127152267917e-01
6.229166666666666075e+00,5.269749963739233101e-01
6.250000000000000000e+00,5.137353915234620372e-01
6.270833333333333037e+00,5.002656993469333235e-01
6.291666666666666075e+00,4.884149428886627731e-01
6.312500000000000000e+00,4.770139887565711945e-01
6.333333333333333037e+00,4.639695727856755214e-01
6.354166666666666075e+00,4.501936742258480506e-01
6.375000000000000000e+00,4.375204305683221828e-01
6.395833333333333037e+00,4.249879277249887233e-01
6.416666666666666075e+00,4.121507987037519305e-01
6.437500000000000000e+00,4.002899518695112735e-01
6.458333333333333037e+00,3.883937351086048650e-01
6.479166666666666075e+00,3.758128669776204522e-01
6.500000000000000000e+00,3.627144318091923836e-01
6.520833333333333037e+00,3.511734188493744191e-01
6.541666666666666075e+00,3.394451738901863580e-01
6.562500000000000000e+00,3.270805672833934086e-01
6.583333333333333037e+00,3.156988706806871936e-01
6.604166666666666075e+00,3.045933522337357924e-01
6.625000000000000000e+00,2.918816719449202068e-01
6.645833333333333037e+00,2.787581420560520939e-01
6.666666666666666075e+00,2.673992009331677688e-01
6.687500000000000000e+00,2.564334540321873135e-01
6.708333333333333037e+00,2.433364075360992251e-01
6.729166666666666075e+00,2.291461437711751481e-01
6.750000000000000000e+00,2.161393571492778165e-01
6.770833333333333037e+00,2.037329783156251184e-01
6.791666666666666075e+00,1.898854164583961557e-01
6.812500000000000000e+00,1.756966501129889890e-01
6.833333333333333037e+00,1.633432041649208466e-01
6.854166666666666075e+00,1.514537484493567177e-01
6.875000000000000000e+00,1.375084556872442632e-01
6.895833333333333037e+00,1.225393989371620224e-01
6.916666666666666075e+00,1.088464704519063186e-01
6.937500000000000000e+00,9.590280049121893691e-02
6.958333333333333037e+00,8.160818227307820028e-02
6.979166666666666075e+00,6.702528387853269598e-02
7.000000000000000000e+00,5.404287890490312024e-02
7.020833333333333037e+00,4.156534932992034942e-02
7.041666666666666075e+00,2.706935555502431451e-02
7.062500000000000000e+00,1.167930607650139764e-02
7.083333333333333037e+00,-2.280426391326531837e-03
7.104166666666666075e+00,-1.559679153325885421e-02
7.125000000000000000e+00,-3.007338505518749455e-02
7.145833333333333037e+00,-4.437567967204947283e-02
7.166666666666666075e+00,-5.626121766245205380e-02
7.187500000000000000e+00,-6.716404263934928898e-02
7.208333333333333037e+00,-7.969244096085924267e-02
7.229166666666666075e+00,-9.275572587307560901e-02
7.250000000000000000e+00,-1.041099691639161551e-01
7.270833333333333037e+00,-1.151698196252322337e-01
7.291666666666666075e+00,-1.283924916326163734e-01
7.312500000000000000e+00,-1.426160892353750542e-01
7.333333333333333037e+00,-1.555233456013605520e-01
7.354166666666666075e+00,-1.679339801548610789e-01
7.375000000000000000e+00,-1.815853614811334948e-01
7.395833333333333037e+00,-1.951005621110387112e-01
7.416666666666666075e+00,-2.062378475614944917e-01
7.437500000000000000e+00,-2.164358640547852652e-01
7.458333333333333037e+00,-2.283021467013894301e-01
7.479166666666666075e+00,-2.407423915812227644e-01
7.500000000000000000e+00,-2.515175042621411450e-01
7.520833333333333037e+00,-2.620484015227056429e-01
7.541666666666666075e+00,-2.748621761584537082e-01
7.562500000000000000e+00,-2.888256420032975225e-01
7.583333333333333037e+00,-3.015598501877881366e-01
7.604166666666666075e+00,-3.135366336655941999e-01
7.625000000000000000e+00,-3.269271144487296277e-01
7.645833333333333037e+00,-3.406410135350316226e-01
7.666666666666666075e+00,-3.524323820133750673e-01
7.687500000000000000e+00,-3.637336872062283399e-01
7.708333333333333037e+00,-3.771542744283480353e-01
7.729166666666666075e+00,-3.916045531935771762e-01
7.750000000000000000e+00,-4.047149542846242287e-01
7.770833333333333037e+00,-4.170381050329514672e-01
7.791666666666666075e+00,-4.307877147586798849e-01
7.812500000000000000e+00,-4.448826259181304366e-01
7.833333333333333037e+00,-4.570731006986543665e-01
7.854166666666666075e+00,-4.687789071272462915e-01
7.875000000000000000e+00,-4.825946720472182316e-01
7.895833333333333037e+00,-4.974441008981141943e-01
7.916666666666666075e+00,-5.109169526171863929e-01
7.937500000000000000e+00,-5.233946001664812053e-01
7.958333333333333037e+00,-5.370198253868455618e-01
7.979166666666666075e+00,-5.507134924462552261e-01
8.000000000000000000e+00,-5.617049649507374065e-01
8.020833333333332149e+00,-5.678247650857436435e-01
8.041666666666666075e+00,-5.705360956029993380e-01
8.062500000000000000e+00,-5.724484584032640822e-01
8.083333333333332149e+00,-5.726319790562646173e-01
8.104166666666666075e+00,-5.700364743375764265e-01
8.125000000000000000e+00,-5.665902873007047091e-01
8.145833333333332149e+00,-5.644388103408037871e-01
8.166666666666666075e+00,-5.622920468143104422e-01
8.187500000000000000e+00,-5.579060288990760341e-01
8.208333333333332149e+00,-5.527454585964459710e-01
8.229166666666666075e+00,-5.494016240361130343e-01
8.250000000000000000e+00,-5.467807747630104576e-01
8.270833333333332149e+00,-5.426239195904383195e-01
8.291666666666666075e+00,-5.381008159208150454e-01
8.312500000000000000e+00,-5.341354849908785951e-01
8.333333333333332149e+00,-5.291419522837065292e-01
8.354166666666666075e+00,-5.224813542938898658e-01
8.375000000000000000e+00,-5.159932827608555428e-01
8.395833333333332149e+00,-5.095973203810796326e-01
8.416666666666666075e+00,-5.015055125557992266e-01
8.437500000000000000e+00,-4.931318040632906574e-01
8.458333333333332149e+00,-4.870770716157292179e-01
8.479166666666666075e+00,-4.822578786916911775e-01
8.500000000000000000e+00,-4.763370762912152445e-01
8.520833333333332149e+00,-4.695513263308813134e-01
8.541666666666666075e+00,-4.639854635383286463e-01
8.562500000000000000e+00,-4.585817205302232802e-01
8.583333333333332149e+00,-4.511379619945238284e-01
8.604166666666666075e+00,-4.430485978371300759e-01
8.625000000000000000e+00,-4.368759780437614926e-01
8.645833333333332149e+00,-4.315647186344313546e-01
8.666666666666666075e+00,-4.249099774192953705e-01
8.687500000000000000e+00,-4.181586859171908532e-01
8.708333333333332149e+00,-4.126695500375611725e-01
8.729166666666666075e+00,-4.068715735037534698e-01
8.750000000000000000e+00,-3.985620653714272987e-01
8.770833333333332149e+00,-3.891367193176210604e-01
8.791666666666666075e+00,-3.811610369467453019e-01
8.812500000000000000e+00,-3.735609387715596030e-01
8.833333333333332149e+00,-3.641224553023871269e-01
8.854166666666666075e+00,-3.542413827036033358e-01
8.875000000000000000e+00,-3.464863679332429447e-01
8.895833333333332149e+00,-3.397979343570636801e-01
8.916666666666666075e+00,-3.319631685158011547e-01
8.937500000000000000e+00,-3.242178447388907037e-01
8.958333333333332149e+00,-3.178162805386445799e-01
8.979166666666666075e+00,-3.111327130368711780e-01
9.000000000000000000e+00,-3.020004228137123103e-01
9.020833333333332149e+00,-2.917753327712074851e-01
9.041666666666666075e+00,-2.830106080080064812e-01
9.062500000000000000e+00,-2.746546654899162387e-01
9.083333333333332149e+00,-2.645138734202554520e-01
9.104166666666666075e+00,-2.539784265328655644e-01
9.125000000000000000e+00,-2.455981291792163623e-01
9.145833333333332149e+00,-2.383168650971698999e-01
9.166666666666666075e+00,-2.299393206991736660e-01
9.187500000000000000e+00,-2.217273461878920271e-01
9.208333333333332149e+00,-2.151404942818168076e-01
9.229166666666666075e+00,-2.086555826319845541e-01
9.250000000000000000e+00,-2.000800322377769835e-01
9.270833333333332149e+00,-1.907502525925578174e-01
9.291666666666666075e+00,-1.831904714011314550e-01
9.312500000000000000e+00,-1.763502797749854634e-01
9.333333333333332149e+00,-1.680486121418635903e-01
9.354166666666666075e+00,-1.596660056631716840e-01
9.375000000000000000e+00,-1.537276738394547371e-01
9.395833333333332149e+00,-1.491127997657676618e-01
9.416666666666666075e+00,-1.434508231885802954e-01
9.437500000000000000e+00,-1.368752788379137553e-01
9.458333333333332149e+00,-1.313992784012197046e-01
9.479166666666666075e+00,-1.259614144243032530e-01
9.500000000000000000e+00,-1.183633965978274638e-01
9.520833333333332149e+00,-1.097872754018726360e-01
9.541666666666666075e+00,-1.026403027445441096e-01
9.562500000000000000e+00,-9.566740174014982945e-02
9.583333333333332149e+00,-8.658131691895884496e-02
9.604166666666666075e+00,-7.656630493376868907e-02
9.625000000000000000e+00,-6.788148250986775212e-02
9.645833333333332149e+00,-5.921083013897807112e-02
9.666666666666666075e+00,-4.815172118585725469e-02
9.687500000000000000e+00,-3.582419133618158780e-02
9.708333333333332149e+00,-2.446077296207083140e-02
9.729166666666666075e+00,-1.331849844692244329e-02
9.750000000000000000e+00,-1.338705933299217353e-03
9.770833333333332149e+00,1.006729775692211115e-02
9.791666666666666075e+00,2.027185415774646754e-02
9.812500000000000000e+00,3.091148163744558003e-02
9.833333333333332149e+00,4.126698384807303555e-02
9.854166666666666075e+00,4.997265821447449685e-02
9.875000000000000000e+00,5.872246098078970356e-02
9.895833333333332149e+00,6.994555951873736299e-02
9.916666666666666075e+00,8.254246905219758679e-02
9.937500000000000000e+00,9.419170195144535573e-02
9.958333333333332149e+00,1.053132855670380896e-01
9.979166666666666075e+00,1.177132953042404340e-01
1.000000000000000000e+01,1.300772905661350953e-01
1.002083333333333215e+01,1.402134439305440516e-01
1.004166666666666607e+01,1.494979583152169778e-01
1.006250000000000000e+01,1.604271426709215076e-01
1.008333333333333215e+01,1.719090572222690683e-01
1.010416666666666607e+01,1.817832727191723841e-01
1.012500000000000000e+01,1.913936192870342168e-01
1.014583333333333215e+01,2.032012761672437606e-01
1.016666666666666607e+01,2.161024754106725676e-01
1.018750000000000000e+01,2.278487603494228630e-01
1.020833333333333215e+01,2.393429818569907663e-01
1.022916666666666607e+01,2.518163570628763059e-01
1.025000000000000000e+01,2.637221542198308621e-01
1.027083333333333215e+01,2.734992057811456156e-01
1.029166666666666607e+01,2.828100150782925648e-01
1.031250000000000000e+01,2.941662321369402644e-01
1.033333333333333215e+01,3.065098206208823894e-01
1.035416666666666607e+01,3.176662445229778697e-01
1.037500000000000000e+01,3.288313115764152639e-01
1.039583333333333215e+01,3.409706072047135050e-01
1.041666666666666607e+01,3.524674570995620093e-01
1.043750000000000000e+01,3.621995044285244991e-01
1.045833333333333215e+01,3.718931144734515248e-01
1.047916666666666607e+01,3.832975910533621411e-01
1.050000000000000000e+01,3.949710124954471935e-01
1.052083333333333215e+01,4.046876397246893520e-01
1.054166666666666607e+01,4.137773547361285886e-01
1.056250000000000000e+01,4.246495831703108181e-01
1.058333333333333215e+01,4.361517099612933213e-01
1.060416666666666607e+01,4.459761720702779542e-01
1.062500000000000000e+01,4.553226556246471324e-01
1.064583333333333215e+01,4.658157079549274382e-01
1.066666666666666607e+01,4.759547029163524456e-01
1.068750000000000000e+01,4.833703350408699029e-01
1.070833333333333215e+01,4.893490807815470411e-01
1.072916666666666607e+01,4.962079061843559513e-01
1.075000000000000000e+01,5.028037596184082858e-01
1.077083333333333215e+01,5.072320117679040008e-01
1.079166666666666607e+01,5.109810211877842123e-01
1.081250000000000000e+01,5.163510170904689334e-01
1.083333333333333215e+01,5.221267321227193170e-01
1.085416666666666607e+01,5.259494275818107356e-01
1.087500000000000000e+01,5.291255724000804017e-01
1.089583333333333215e+01,5.339713796285470160e-01
1.091666666666666607e+01,5.392770277341792928e-01
1.093750000000000000e+01,5.426746275624806382e-01
1.095833333333333215e+01,5.454337675756226744e-01
1.097916666666666607e+01,5.498410500662801459e-01
1.100000000000000000e+01,5.546815268521307907e-01
1.102083333333333215e+01,5.573586289035508123e-01
1.104166666666666607e+01,5.572497330796394310e-01
1.106250000000000000e+01,5.560856615326255081e-01
1.108333333333333215e+01,5.548177632413893168e-01
1.110416666666666607e+01,5.519390784817171935e-01
1.112500000000000000e+01,5.480450308795312697e-01
1.114583333333333215e+01,5.450412894296448041e-01
1.116666666666666607e+01,5.417016834198062902e-01
1.118750000000000000e+01,5.356469406613515449e-01
1.120833333333333215e+01,5.280520953968600439e-01
1.122916666666666607e+01,5.211815553926990585e-01
1.125000000000000000e+01,5.138425712612344487e-01
1.127083333333333215e+01,5.043118863501402371e-01
1.129166666666666607e+01,4.940262867250513334e-01
1.131250000000000000e+01,4.851911556992239416e-01
1.133333333333333215e+01,4.764152134319980525e-01
1.135416666666666607e+01,4.651820173321714047e-01
1.137500000000000000e+01,4.525464265334404046e-01
1.139583333333333215e+01,4.408026632898120467e-01
1.141666666666666607e+01,4.294058864712180235e-01
1.143750000000000000e+01,4.167050176713953946e-01
1.145833333333333215e+01,4.039889378989107716e-01
1.147916666666666607e+01,3.934134115086568850e-01
1.150000000000000000e+01,3.835728204461884561e-01
1.152083333333333215e+01,3.719652222582330858e-01
1.154166666666666607e+01,3.596439257893641606e-01
1.156250000000000000e+01,3.487737539568806500e-01
1.158333333333333215e+01,3.380096256964731372e-01
1.160416666666666607e+01,3.252648993009663037e-01
1.162500000000000000e+01,3.117789005328240881e-01
1.164583333333333215e+01,2.997293036960974044e-01
1.166666666666666607e+01,2.878693650560468775e-01
1.168750000000000000e+01,2.746922449539009325e-01
1.170833333333333215e+01,2.617465233872348085e-01
1.172916666666666607e+01,2.512091966147716460e-01
1.175000000000000000e+01,2.416706182467862896e-01
1.177083333333333215e+01,2.306040007372848200e-01
1.179166666666666607e+01,2.190927256858621608e-01
1.181250000000000000e+01,2.093217868778327606e-01
1.183333333333333215e+01,1.998750438212024694e-01
1.185416666666666607e+01,1.882287481129895079e-01
1.187500000000000000e+01,1.754401836757826516e-01
1.189583333333333215e+01,1.637208370046962513e-01
1.191666666666666607e+01,1.520534930710878418e-01
1.193750000000000000e+01,1.395917354999903215e-01
1.195833333333333215e+01,1.279160375413680439e-01
1.197916666666666607e+01,1.173649134497124352e-01
1.200000000000000000e+01,1.061787743718889537e-01
1.202083333333333215e+01,9.534538355906987950e-02
1.204166666666666607e+01,8.656359065034895106e-02
1.206250000000000000e+01,7.826321013314303798e-02
1.208333333333333215e+01,6.793702341207720485e-02
1.210416666666666607e+01,5.663059801920117264e-02
1.212500000000000000e+01,4.651203228738335499e-02
1.214583333333333215e+01,3.631286847630275927e-02
1.216666666666666607e+01,2.436629533677902443e-02
1.218750000000000000e+01,1.211131102813787011e-02
1.220833333333333215e+01,1.709214761187951561e-03
1.222916666666666607e+01,-8.236681267938500417e-03
1.225000000000000000e+01,-2.023756505831079272e-02
1.227083333333333215e+01,-3.322541656383382752e-02
1.229166666666666607e+01,-4.500710202899921991e-02
1.231250000000000000e+01,-5.664363342546397534e-02
1.233333333333333215e+01,-6.949003746363546785e-02
1.235416666666666607e+01,-8.200391405414868273e-02
1.237500000000000000e+01,-9.203300305824396732e-02
1.239583333333333215e+01,-1.009858592227118879e-01
1.241666666666666607e+01,-1.113719198510947361e-01
1.243750000000000000e+01,-1.221213493961185725e-01
1.245833333333333215e+01,-1.310785150213838735e-01
1.247916666666666607e+01,-1.396489629744999406e-01
1.250000000000000000e+01,-1.503447447275410298e-01
1.252083333333333215e+01,-1.620928461960879363e-01
1.254166666666666607e+01,-1.727325944983643391e-01
1.256250000000000000e+01,-1.834625286672187938e-01
1.258333333333333215e+01,-1.953389279948989643e-01
1.260416666666666607e+01,-2.067038566869059957e-01
1.262500000000000000e+01,-2.159153097879078775e-01
1.264583333333333215e+01,-2.245932654336287859e-01
1.266666666666666607e+01,-2.352533359149713288e-01
1.268750000000000000e+01,-2.468285092090687360e-01
1.270833333333333215e+01,-2.571544666353687836e-01
1.272916666666666607e+01,-2.674998144210802287e-01
1.275000000000000000e+01,-2.794188941856339814e-01
1.277083333333333215e+01,-2.914143686959318469e-01
1.279166666666666607e+01,-3.013216960570424541e-01
1.281250000000000000e+01,-3.105393465335746783e-01
1.283333333333333215e+01,-3.215871284842355959e-01
1.285416666666666607e+01,-3.334027700665446736e-01
1.287500000000000000e+01,-3.438097011505633072e-01
1.289583333333333215e+01,-3.541135332585156337e-01
1.291666666666666607e+01,-3.663349156746398827e-01
1.293750000000000000e+01,-3.792071900117328642e-01
1.295833333333333215e+01,-3.905707525270096792e-01
1.297916666666666607e+01,-4.017199576736877886e-01
1.300000000000000000e+01,-4.145209958514540216e-01
1.302083333333333215e+01,-4.276009493711780407e-01
1.304166666666666607e+01,-4.381746758629232463e-01
1.306250000000000000e+01,-4.439050157080014491e-01
1.308333333333333215e+01,-4.459256528188044189e-01
1.310416666666666607e+01,-4.466977868824069109e-01
1.312500000000000000e+01,-4.467205661894387836e-01
1.314583333333333215e+01,-4.443247300485076434e-01
1.316666666666666607e+01,-4.405677967330188793e-01
1.318750000000000000e+01,-4.376337958824746965e-01
1.320833333333333215e+01,-4.341441844536008121e-01
1.322916666666666607e+01,-4.276628438477720895e-01
1.325000000000000000e+01,-4.192919265935906581e-01
1.327083333333333215e+01,-4.113284042246363459e-01
1.329166666666666607e+01,-4.032692950270772569e-01
1.331250000000000000e+01,-4.027061872761578676e-01
1.333333333333333215e+01,-4.021264789180949428e-01
1.335416666666666607e+01,-4.015141692732011047e-01
1.337500000000000000e+01,-4.008583600866647001e-01
1.339583333333333215e+01,-3.257062748953160058e-01
1.341666666666666607e+01,-1.828807145521191002e-01
1.343750000000000000e+01,-1.606346077081546031e-01
1.345833333333333215e+01,-1.391668074286821211e-01
1.347916666666666607e+01,-1.228114701854884638e-01
1.350000000000000000e+01,-9.966495917179875319e-02
1.352083333333333215e+01,-8.260570208381326496e-02
1.354166666666666607e+01,-6.234839290564483244e-02
1.356250000000000000e+01,-3.705900147251477150e-02
1.358333333333333215e+01,-1.970028502193220399e-02
1.360416666666666607e+01,-6.839756857394337607e-03
1.362500000000000000e+01,-2.444831326840583418e-03
1.364583333333333215e+01,-1.604449389647666759e-03
1.366666666666666607e+01,-1.056608256351163934e-03
1.368750000000000000e+01,-6.983976235679669169e-04
1.370833333333333215e+01,-4.633709469159956506e-04
1.372916666666666607e+01,-3.090417357704259476e-04
1.375000000000000000e+01,-2.075786611200775033e-04
1.377083333333333215e+01,-1.365157430221046486e-04
1.379166666666666607e+01,-9.322094119800427778e-05
1.381250000000000000e+01,2.408758749707330877e-04
1.383333333333333215e+01,1.554471647203140938e-04
1.385416666666666607e+01,9.915450502144383281e-05
1.387500000000000000e+01,6.204972795869636258e-05
1.389583333333333215e+01,5.913566953558224498e-05
1.391666666666666607e+01,3.571117572962890493e-05
1.393750000000000000e+01,2.027093692476934295e-05
1.395833333333333215e+01,1.009405363890995925e-05
1.397916666666666607e+01,6.686455030839639181e-06
1.400000000000000000e+01,-5.514454868374111232e-06
1.402083333333333215e+01,-9.453127411114801529e-06
1.404166666666666607e+01,-8.240764493013886041e-07
1.406250000000000000e+01,-4.696373223126305745e-06
1.408333333333333215e+01,5.107589529032570584e-06
1.410416666666666607e+01,5.834667425627300012e-07
1.412500000000000000e+01,1.351960774045782282e-05
1.414583333333333215e+01,-4.732559120061483744e-06
1.416666666666666607e+01,-3.404891529884284567e-05
1.418750000000000000e+01,7.206961625729714147e-04
1.420833333333333215e+01,4.728157682804444905e-04
1.422916666666666607e+01,3.183701441011450276e-04
1.425000000000000000e+01,2.005524121347795376e-04
1.427083333333333215e+01,1.325575996645692739e-04
1.429166666666666607e+01,9.118659732075110643e-05
1.431250000000000000e+01,6.161489427254312578e-05
1.433333333333333215e+01,2.281459779050485015e-05
1.435416666666666607e+01,1.816629141549679067e-05
1.437500000000000000e+01,1.832644334788623554e-05
1.439583333333333215e+01,1.692341723726323687e-05
1.441666666666666607e+01,1.047567326779959999e-05
1.443750000000000000e+01,2.910463252912637364e-06
1.445833333333333215e+01,1.058564057714659138e-06
1.447916666666666607e+01,-1.573822234172955602e-07
1.450000000000000000e+01,-9.553111912116261279e-07
1.452083333333333215e+01,-1.478580170876644137e-06
1.454166666666666607e+01,-1.821464337322915180e-06
1.456250000000000000e+01,-2.045942157713989593e-06
1.458333333333333215e+01,-2.192744876813501810e-06
1.460416666666666607e+01,-2.288629139239149085e-06
1.462500000000000000e+01,-2.351162944385540046e-06
1.464583333333333215e+01,-2.391874555314445784e-06
1.466666666666666607e+01,-2.418323846669073542e-06
1.468750000000000000e+01,-2.435464469684790123e-06
1.470833333333333215e+01,-2.446539354531400971e-06
1.472916666666666607e+01,-2.453669218472559519e-06
1.475000000000000000e+01,-2.458239153280345955e-06
1.477083333333333215e+01,-2.461152449843120531e-06
1.479166666666666607e+01,-2.462997154091662536e-06
1.481250000000000000e+01,-2.464155284339611987e-06
1.483333333333333215e+01,-2.464874400776763724e-06
1.485416666666666607e+01,-2.465314452066173861e-06
1.487500000000000000e+01,-2.465578410298388090e-06
1.489583333333333215e+01,-2.465732277504187090e-06
1.491666666666666607e+01,-2.465818137375627142e-06
1.493750000000000000e+01,-2.465862642832750047e-06
1.495833333333333215e+01,-2.465882536023896642e-06
1.497916666666666607e+01,-2.465888225511051327e-06
